-1.297924518585205078e+00
-1.277048230171203613e+00
-1.256171941757202148e+00
-1.235295772552490234e+00
-1.214434862136840820e+00
-1.193579792976379395e+00
-1.172725915908813477e+00
-1.151871919631958008e+00
-1.131018042564392090e+00
-1.110165476799011230e+00
-1.089318752288818359e+00
-1.068474650382995605e+00
-1.047631144523620605e+00
-1.026789426803588867e+00
-1.005947828292846680e+00
-9.851059913635253906e-01
-9.642643332481384277e-01
-9.434226751327514648e-01
-9.225817322731018066e-01
-9.017419219017028809e-01
-8.809025287628173828e-01
-8.600642085075378418e-01
-8.392288684844970703e-01
-8.183947801589965820e-01
-7.975622415542602539e-01
-7.767297029495239258e-01
-7.558983564376831055e-01
-7.350734472274780273e-01
-7.142485976219177246e-01
-6.934238672256469727e-01
-6.725990772247314453e-01
-6.517760157585144043e-01
-6.309554576873779297e-01
-6.101384758949279785e-01
-5.893286466598510742e-01
-5.685248970985412598e-01
-5.477312207221984863e-01
-5.269554257392883301e-01
-5.061942338943481445e-01
-4.854469597339630127e-01
-4.647085070610046387e-01
-4.439791440963745117e-01
-4.232681989669799805e-01
-4.025807976722717285e-01
-3.819184005260467529e-01
-3.612891435623168945e-01
-3.406951427459716797e-01
-3.201334476470947266e-01
-2.996135354042053223e-01
-2.791583538055419922e-01
-2.588131725788116455e-01
-2.386300861835479736e-01
-2.186047434806823730e-01
-1.987618505954742432e-01
-1.792806237936019897e-01
-1.600112020969390869e-01
-1.412176489830017090e-01
-1.236642301082611084e-01
-1.076865494251251221e-01
-9.295503795146942139e-02
-7.989586144685745239e-02
-6.868429481983184814e-02
-5.965463072061538696e-02
-5.274154990911483765e-02
-4.704776406288146973e-02
-4.234840720891952515e-02
-3.861710056662559509e-02
-3.561850637197494507e-02
-3.339044004678726196e-02
-3.157269954681396484e-02
-3.019180893898010254e-02
-2.920844592154026031e-02
-2.843980491161346436e-02
-2.784258127212524414e-02
-2.735313586890697479e-02
-2.714191377162933350e-02
-2.711771801114082336e-02
-2.713793516159057617e-02
-2.718364074826240540e-02
-2.726572379469871521e-02
-2.738096565008163452e-02
-2.750185690820217133e-02
-2.762441709637641907e-02
-2.776220068335533142e-02
-2.791011519730091095e-02
-2.807272970676422119e-02
-2.825968340039253235e-02
-2.846539206802845001e-02
-2.868674322962760925e-02
-2.892776392400264740e-02
-2.917831763625144958e-02
-2.943674474954605103e-02
-2.969631925225257874e-02
-2.997121214866638184e-02
-3.026089258491992950e-02
-3.056599199771881104e-02
-3.087109886109828949e-02
-3.117620572447776794e-02
-3.148165345191955566e-02
-3.178840503096580505e-02
-3.211119025945663452e-02
-3.243906050920486450e-02
-3.276754915714263916e-02
-3.309819102287292480e-02
-3.343068063259124756e-02
-3.376576304435729980e-02
-3.410084545612335205e-02
-3.443592786788940430e-02
-3.477101027965545654e-02
-3.510609269142150879e-02
-3.544117510318756104e-02
-3.577950596809387207e-02
-3.611872345209121704e-02
-3.645793721079826355e-02
-3.679747506976127625e-02
-3.714675456285476685e-02
-3.749604523181915283e-02
-3.784533590078353882e-02
-3.819461911916732788e-02
-3.854661807417869568e-02
-3.891200572252273560e-02
