1.244381256401538849e-02
1.238232757896184921e-02
1.232084445655345917e-02
1.225935854017734528e-02
1.222134847193956375e-02
1.219232659786939621e-02
1.216499041765928268e-02
1.213765516877174377e-02
1.211032085120677948e-02
1.208515278995037079e-02
1.206987537443637848e-02
1.205866597592830658e-02
1.204869896173477173e-02
1.204175688326358795e-02
1.203481387346982956e-02
1.202787086367607117e-02
1.202092785388231277e-02
1.201398484408855438e-02
1.200860366225242615e-02
1.200549770146608353e-02
1.200305484235286713e-02
1.200288441032171249e-02
1.200910843908786774e-02
1.201793085783720016e-02
1.203010417520999908e-02
1.204227842390537262e-02
1.205744221806526184e-02
1.208801753818988800e-02
1.211859192699193954e-02
1.214916631579399109e-02
1.217974163591861725e-02
1.221411675214767456e-02
1.225508283823728561e-02
1.230622455477714539e-02
1.237967703491449356e-02
1.246583461761474609e-02
1.258074864745140076e-02
1.273296400904655457e-02
1.292722485959529877e-02
1.315735559910535812e-02
1.340647041797637939e-02
1.367108523845672607e-02
1.400568988174200058e-02
1.442761253565549850e-02
1.491670310497283936e-02
1.552842743694782257e-02
1.626621372997760773e-02
1.710236072540283203e-02
1.807640120387077332e-02
1.921600103378295898e-02
2.060512453317642212e-02
2.235007658600807190e-02
2.462360262870788574e-02
2.767428569495677948e-02
3.119583055377006531e-02
3.540742397308349609e-02
4.040154814720153809e-02
4.663285613059997559e-02
5.416105315089225769e-02
6.394459307193756104e-02
7.589282840490341187e-02
8.986070752143859863e-02
1.066143959760665894e-01
1.244927793741226196e-01
1.436991691589355469e-01
1.636939793825149536e-01
1.843589395284652710e-01
2.056876569986343384e-01
2.273337841033935547e-01
2.492845654487609863e-01
2.713706195354461670e-01
2.936204075813293457e-01
3.160502910614013672e-01
3.385632038116455078e-01
3.611667752265930176e-01
3.838291764259338379e-01
4.065545201301574707e-01
4.293044805526733398e-01
4.520623683929443359e-01
4.748373925685882568e-01
4.976261258125305176e-01
5.204174518585205078e-01
5.432112216949462891e-01
5.660089254379272461e-01
5.888193249702453613e-01
6.116429567337036133e-01
6.344721317291259766e-01
6.573041677474975586e-01
6.801442503929138184e-01
7.029914855957031250e-01
7.258394956588745117e-01
7.486895322799682617e-01
7.715402245521545410e-01
7.943934798240661621e-01
8.172485828399658203e-01
8.401058316230773926e-01
8.629632592201232910e-01
8.858209252357482910e-01
9.086784720420837402e-01
9.315363168716430664e-01
9.543969631195068359e-01
9.772584438323974609e-01
1.000119805335998535e+00
1.022981524467468262e+00
1.045843839645385742e+00
1.068706631660461426e+00
1.091569304466247559e+00
1.114431858062744141e+00
1.137294650077819824e+00
1.160157442092895508e+00
1.183020114898681641e+00
1.205883502960205078e+00
1.228747367858886719e+00
1.251611232757568359e+00
1.274474978446960449e+00
1.297341346740722656e+00
1.320208072662353516e+00
1.343074679374694824e+00
1.365941166877746582e+00
1.388808369636535645e+00
1.411679983139038086e+00
