-1.025496959686279297e+00
-1.008880734443664551e+00
-9.922644495964050293e-01
-9.756481647491455078e-01
-9.590245485305786133e-01
-9.423981904983520508e-01
-9.257712960243225098e-01
-9.091445207595825195e-01
-8.925175666809082031e-01
-8.758898377418518066e-01
-8.592586517333984375e-01
-8.426259756088256836e-01
-8.259929418563842773e-01
-8.093587160110473633e-01
-7.927244305610656738e-01
-7.760901451110839844e-01
-7.594559192657470703e-01
-7.428216934204101562e-01
-7.261866927146911621e-01
-7.095507383346557617e-01
-6.929144859313964844e-01
-6.762771606445312500e-01
-6.596368551254272461e-01
-6.429952979087829590e-01
-6.263521313667297363e-01
-6.097089052200317383e-01
-5.930641889572143555e-01
-5.764113664627075195e-01
-5.597586035728454590e-01
-5.431059002876281738e-01
-5.264532566070556641e-01
-5.097987651824951172e-01
-4.931406378746032715e-01
-4.764765501022338867e-01
-4.597989320755004883e-01
-4.431155323982238770e-01
-4.264155626296997070e-01
-4.096984863281250000e-01
-3.929570317268371582e-01
-3.761961162090301514e-01
-3.594261407852172852e-01
-3.426505923271179199e-01
-3.258287906646728516e-01
-3.089499473571777344e-01
-2.920331358909606934e-01
-2.750357687473297119e-01
-2.579562366008758545e-01
-2.408166080713272095e-01
-2.235890328884124756e-01
-2.062680125236511230e-01
-1.888154149055480957e-01
-1.711775660514831543e-01
-1.531916558742523193e-01
-1.346487551927566528e-01
-1.159736141562461853e-01
-9.683617949485778809e-02
-7.736070454120635986e-02
-5.773602426052093506e-02
-3.816106170415878296e-02
-1.744141243398189545e-02
4.018231760710477829e-03
2.596803195774555206e-02
4.891591891646385193e-02
7.130587100982666016e-02
9.406857937574386597e-02
1.168520078063011169e-01
1.395690739154815674e-01
1.624081432819366455e-01
1.849842816591262817e-01
2.075711488723754883e-01
2.299675345420837402e-01
2.522354125976562500e-01
2.745347023010253906e-01
2.967905402183532715e-01
3.190622031688690186e-01
3.411747515201568604e-01
3.632065355777740479e-01
3.852303028106689453e-01
4.072420001029968262e-01
4.292435348033905029e-01
4.512333571910858154e-01
4.732214212417602539e-01
4.952112138271331787e-01
5.171927213668823242e-01
5.391811132431030273e-01
5.611733794212341309e-01
5.831516981124877930e-01
6.051172018051147461e-01
6.270794868469238281e-01
6.490336656570434570e-01
6.709805130958557129e-01
6.929228305816650391e-01
7.148648500442504883e-01
7.367963194847106934e-01
7.587166428565979004e-01
7.806255817413330078e-01
8.025346398353576660e-01
8.244440555572509766e-01
8.463530540466308594e-01
8.682612180709838867e-01
8.901576399803161621e-01
9.120503664016723633e-01
9.339423775672912598e-01
9.558328390121459961e-01
9.777221679687500000e-01
9.996095895767211914e-01
1.021496891975402832e+00
1.043384075164794922e+00
1.065271496772766113e+00
1.087159037590026855e+00
1.109046220779418945e+00
1.130931377410888672e+00
1.152816057205200195e+00
1.174700736999511719e+00
1.196585059165954590e+00
1.218462944030761719e+00
1.240341186523437500e+00
1.262219429016113281e+00
1.284097433090209961e+00
1.305973768234252930e+00
1.327841997146606445e+00
