-4.947368502616882324e-01
-4.864777922630310059e-01
-4.782187342643737793e-01
-4.699597358703613281e-01
-4.616795182228088379e-01
-4.533911943435668945e-01
-4.451013207435607910e-01
-4.368114769458770752e-01
-4.285216629505157471e-01
-4.202297925949096680e-01
-4.119288921356201172e-01
-4.036242961883544922e-01
-3.953185081481933594e-01
-3.870099782943725586e-01
-3.787013888359069824e-01
-3.703928291797637939e-01
-3.620842993259429932e-01
-3.537757396697998047e-01
-3.454657196998596191e-01
-3.371535539627075195e-01
-3.288407623767852783e-01
-3.205258250236511230e-01
-3.122048377990722656e-01
-3.038814067840576172e-01
-2.955548167228698730e-01
-2.872282266616821289e-01
-2.788987755775451660e-01
-2.705546915531158447e-01
-2.622106671333312988e-01
-2.538667619228363037e-01
-2.455228269100189209e-01
-2.371756732463836670e-01
-2.288225144147872925e-01
-2.204597443342208862e-01
-2.120757251977920532e-01
-2.036817669868469238e-01
-1.952622085809707642e-01
-1.868141591548919678e-01
-1.783294528722763062e-01
-1.698149591684341431e-01
-1.612862646579742432e-01
-1.527477502822875977e-01
-1.441461443901062012e-01
-1.354670077562332153e-01
-1.267341673374176025e-01
-1.178951039910316467e-01
-1.089482232928276062e-01
-9.992145746946334839e-02
-9.078098833560943604e-02
-8.151431381702423096e-02
-7.206530123949050903e-02
-6.236001104116439819e-02
-5.222388729453086853e-02
-4.142668098211288452e-02
-3.036446124315261841e-02
-1.874127425253391266e-02
-6.594733335077762604e-03
6.162083707749843597e-03
1.945168152451515198e-02
3.437023237347602844e-02
5.067013576626777649e-02
6.816727668046951294e-02
8.749343454837799072e-02
1.071016341447830200e-01
1.275401115417480469e-01
1.483829617500305176e-01
1.695328354835510254e-01
1.910728961229324341e-01
2.126623392105102539e-01
2.344111204147338867e-01
2.561509311199188232e-01
2.779235839843750000e-01
2.998038828372955322e-01
3.217122554779052734e-01
3.436761498451232910e-01
3.656151890754699707e-01
3.875606954097747803e-01
4.095172882080078125e-01
4.314743876457214355e-01
4.534380435943603516e-01
4.754058122634887695e-01
4.973745048046112061e-01
5.193452239036560059e-01
5.413156747817993164e-01
5.632958412170410156e-01
5.852850675582885742e-01
6.072734594345092773e-01
6.292596459388732910e-01
6.512497663497924805e-01
6.732416152954101562e-01
6.952319145202636719e-01
7.172220945358276367e-01
7.392126917839050293e-01
7.612019181251525879e-01
7.831892371177673340e-01
8.051747083663940430e-01
8.271604180335998535e-01
8.491463661193847656e-01
8.711321353912353516e-01
8.931177854537963867e-01
9.151023030281066895e-01
9.370864033699035645e-01
9.590702056884765625e-01
9.810538887977600098e-01
1.003037691116333008e+00
1.025021433830261230e+00
1.047004818916320801e+00
1.068988323211669922e+00
1.090971946716308594e+00
1.112955570220947266e+00
1.134938955307006836e+00
1.156922578811645508e+00
1.178906202316284180e+00
1.200889945030212402e+00
1.222873449325561523e+00
1.244857311248779297e+00
1.266841411590576172e+00
1.288825511932373047e+00
1.310809373855590820e+00
1.332793235778808594e+00
1.354778528213500977e+00
