-9.796773195266723633e-01
-9.636095762252807617e-01
-9.475418329238891602e-01
-9.314740896224975586e-01
-9.153929948806762695e-01
-8.993067145347595215e-01
-8.832194805145263672e-01
-8.671322464942932129e-01
-8.510450124740600586e-01
-8.349564075469970703e-01
-8.188619017601013184e-01
-8.027648925781250000e-01
-7.866670489311218262e-01
-7.705672979354858398e-01
-7.544676065444946289e-01
-7.383679151535034180e-01
-7.222682237625122070e-01
-7.061684131622314453e-01
-6.900676488876342773e-01
-6.739653348922729492e-01
-6.578626632690429688e-01
-6.417583227157592773e-01
-6.256495118141174316e-01
-6.095389723777770996e-01
-5.934260487556457520e-01
-5.773130655288696289e-01
-5.611979961395263672e-01
-5.450717210769653320e-01
-5.289455652236938477e-01
-5.128195285797119141e-01
-4.966934323310852051e-01
-4.805651903152465820e-01
-4.644322991371154785e-01
-4.482917785644531250e-01
-4.321341514587402344e-01
-4.159700572490692139e-01
-3.997863233089447021e-01
-3.835845887660980225e-01
-3.673551082611083984e-01
-3.511044085025787354e-01
-3.348449170589447021e-01
-3.185810446739196777e-01
-3.022661805152893066e-01
-2.858892679214477539e-01
-2.694741189479827881e-01
-2.529743909835815430e-01
-2.363893836736679077e-01
-2.197441607713699341e-01
-2.030101865530014038e-01
-1.861859858036041260e-01
-1.692363917827606201e-01
-1.521098911762237549e-01
-1.346319168806076050e-01
-1.165877282619476318e-01
-9.843757748603820801e-02
-7.982701063156127930e-02
-6.089736893773078918e-02
-4.186436906456947327e-02
-2.292185649275779724e-02
-2.825262024998664856e-03
1.803966425359249115e-02
3.945374116301536560e-02
6.197375804185867310e-02
8.405090868473052979e-02
1.065901443362236023e-01
1.292316615581512451e-01
1.518929451704025269e-01
1.747512817382812500e-01
1.974273473024368286e-01
2.201613783836364746e-01
2.427567839622497559e-01
2.652729153633117676e-01
2.878492474555969238e-01
3.104051947593688965e-01
3.329921960830688477e-01
3.554597496986389160e-01
3.778738975524902344e-01
4.002866148948669434e-01
4.226912856101989746e-01
4.450915455818176270e-01
4.674854278564453125e-01
4.898785352706909180e-01
5.122736692428588867e-01
5.346629619598388672e-01
5.570610761642456055e-01
5.794656276702880859e-01
6.018605232238769531e-01
6.242462396621704102e-01
6.466314196586608887e-01
6.690123081207275391e-01
6.913875341415405273e-01
7.137597799301147461e-01
7.361320257186889648e-01
7.584966421127319336e-01
7.808531522750854492e-01
8.032011389732360840e-01
8.255493640899658203e-01
8.478980064392089844e-01
8.702461719512939453e-01
8.925937414169311523e-01
9.149330854415893555e-01
9.372696280479431152e-01
9.596056342124938965e-01
9.819405674934387207e-01
1.004274725914001465e+00
1.026607513427734375e+00
1.048940300941467285e+00
1.071272969245910645e+00
1.093605756759643555e+00
1.115938663482666016e+00
1.138271331787109375e+00
1.160602569580078125e+00
1.182933568954467773e+00
1.205264568328857422e+00
1.227595090866088867e+00
1.249921679496765137e+00
1.272248506546020508e+00
1.294575214385986328e+00
1.316901803016662598e+00
1.339227199554443359e+00
1.361547708511352539e+00
