-1.435016870498657227e+00
-1.411606788635253906e+00
-1.388196706771850586e+00
-1.364786624908447266e+00
-1.341384172439575195e+00
-1.317984819412231445e+00
-1.294585824012756348e+00
-1.271186828613281250e+00
-1.247787833213806152e+00
-1.224389553070068359e+00
-1.200994014739990234e+00
-1.177599430084228516e+00
-1.154205322265625000e+00
-1.130812048912048340e+00
-1.107418537139892578e+00
-1.084025263786315918e+00
-1.060631990432739258e+00
-1.037238597869873047e+00
-1.013845443725585938e+00
-9.904529452323913574e-01
-9.670605659484863281e-01
-9.436684846878051758e-01
-9.202774763107299805e-01
-8.968871235847473145e-01
-8.734973073005676270e-01
-8.501074314117431641e-01
-8.267180919647216797e-01
-8.033308982849121094e-01
-7.799438834190368652e-01
-7.565571069717407227e-01
-7.331702709197998047e-01
-7.097848057746887207e-01
-6.864006519317626953e-01
-6.630178093910217285e-01
-6.396374106407165527e-01
-6.162630319595336914e-01
-5.928953289985656738e-01
-5.695471167564392090e-01
-5.462104082107543945e-01
-5.228870511054992676e-01
-4.995743334293365479e-01
-4.762744009494781494e-01
-4.529882669448852539e-01
-4.297218918800354004e-01
-4.064847230911254883e-01
-3.832806944847106934e-01
-3.601136803627014160e-01
-3.369854688644409180e-01
-3.139066398143768311e-01
-2.909116148948669434e-01
-2.680604457855224609e-01
-2.454207688570022583e-01
-2.229709327220916748e-01
-2.007344514131546021e-01
-1.789768785238265991e-01
-1.574836671352386475e-01
-1.365947425365447998e-01
-1.172582358121871948e-01
-9.985768049955368042e-02
-8.393802493810653687e-02
-6.996188312768936157e-02
-5.807765573263168335e-02
-4.860471189022064209e-02
-4.142276942729949951e-02
-3.553346544504165649e-02
-3.067753091454505920e-02
-2.681401744484901428e-02
-2.368760108947753906e-02
-2.132580429315567017e-02
-1.936639472842216492e-02
-1.782863587141036987e-02
-1.667113602161407471e-02
-1.571651175618171692e-02
-1.492221653461456299e-02
-1.422781031578779221e-02
-1.378831267356872559e-02
-1.351913344115018845e-02
-1.329023949801921844e-02
-1.308408286422491074e-02
-1.291028503328561783e-02
-1.276578102260828018e-02
-1.262623351067304611e-02
-1.248814258724451065e-02
-1.236321683973073959e-02
-1.224702037870883942e-02
-1.214340422302484512e-02
-1.206052303314208984e-02
-1.199353858828544617e-02
-1.193974353373050690e-02
-1.190247386693954468e-02
-1.187317259609699249e-02
-1.185042317956686020e-02
-1.182862557470798492e-02
-1.181946881115436554e-02
-1.182246487587690353e-02
-1.183811947703361511e-02
-1.185377500951290131e-02
-1.186943054199218750e-02
-1.188536547124385834e-02
-1.190235372632741928e-02
-1.193226221948862076e-02
-1.196626201272010803e-02
-1.200076285749673843e-02
-1.203698385506868362e-02
-1.207467354834079742e-02
-1.211442798376083374e-02
-1.215418241918087006e-02
-1.219393685460090637e-02
-1.223369222134351730e-02
-1.227344758808612823e-02
-1.231320202350616455e-02
-1.235550362616777420e-02
-1.239849440753459930e-02
-1.244148612022399902e-02
-1.248473208397626877e-02
-1.253555808216333389e-02
-1.258638501167297363e-02
-1.263721100986003876e-02
-1.268803700804710388e-02
-1.274095382541418076e-02
-1.280419714748859406e-02
