-1.075825333595275879e+00
-1.058182954788208008e+00
-1.040540456771850586e+00
-1.022898077964782715e+00
-1.005243301391601562e+00
-9.875835776329040527e-01
-9.699230194091796875e-01
-9.522624015808105469e-01
-9.346017837524414062e-01
-9.169399738311767578e-01
-8.992725610733032227e-01
-8.816027641296386719e-01
-8.639321923255920410e-01
-8.462599515914916992e-01
-8.285875320434570312e-01
-8.109152317047119141e-01
-7.932429313659667969e-01
-7.755706310272216797e-01
-7.578972578048706055e-01
-7.402224540710449219e-01
-7.225472927093505859e-01
-7.048705816268920898e-01
-6.871895790100097656e-01
-6.695069074630737305e-01
-6.518219709396362305e-01
-6.341370344161987305e-01
-6.164500117301940918e-01
-5.987523198127746582e-01
-5.810546875000000000e-01
-5.633572340011596680e-01
-5.456597208976745605e-01
-5.279601812362670898e-01
-5.102563500404357910e-01
-4.925451576709747314e-01
-4.748175144195556641e-01
-4.570841789245605469e-01
-4.393324255943298340e-01
-4.215650856494903564e-01
-4.037718772888183594e-01
-3.859592974185943604e-01
-3.681392073631286621e-01
-3.503161370754241943e-01
-3.324448168277740479e-01
-3.145151138305664062e-01
-2.965510487556457520e-01
-2.785080671310424805e-01
-2.603858411312103271e-01
-2.422088980674743652e-01
-2.239506393671035767e-01
-2.056130170822143555e-01
-1.871679574251174927e-01
-1.685723960399627686e-01
-1.496552377939224243e-01
-1.302106082439422607e-01
-1.107092201709747314e-01
-9.078685939311981201e-02
-7.061153650283813477e-02
-5.047862976789474487e-02
-3.060936182737350464e-02
-9.754408150911331177e-03
1.167258992791175842e-02
3.344801440834999084e-02
5.608589574694633484e-02
7.809604704380035400e-02
1.004439741373062134e-01
1.228035166859626770e-01
1.450987160205841064e-01
1.675238162279129028e-01
1.897085011005401611e-01
2.119165062904357910e-01
2.339553833007812500e-01
2.558864057064056396e-01
2.778598070144653320e-01
2.998006045818328857e-01
3.217638432979583740e-01
3.435907065868377686e-01
3.653523325920104980e-01
3.871094286441802979e-01
4.088569879531860352e-01
4.305977821350097656e-01
4.523301720619201660e-01
4.740614295005798340e-01
4.957945346832275391e-01
5.175210833549499512e-01
5.392554998397827148e-01
5.609954595565795898e-01
5.827244520187377930e-01
6.044432520866394043e-01
6.261605620384216309e-01
6.478725075721740723e-01
6.695783138275146484e-01
6.912806630134582520e-01
7.129830121994018555e-01
7.346769571304321289e-01
7.563619017601013184e-01
7.780377864837646484e-01
7.997137904167175293e-01
8.213901519775390625e-01
8.430660963058471680e-01
8.647414445877075195e-01
8.864076137542724609e-01
9.080708026885986328e-01
9.297334551811218262e-01
9.513949155807495117e-01
9.730554819107055664e-01
9.947146773338317871e-01
1.016373634338378906e+00
1.038032531738281250e+00
1.059691667556762695e+00
1.081350922584533691e+00
1.103009819984436035e+00
1.124667167663574219e+00
1.146324276924133301e+00
1.167981386184692383e+00
1.189638137817382812e+00
1.211290240287780762e+00
1.232942581176757812e+00
1.254595041275024414e+00
1.276247143745422363e+00
1.297898054122924805e+00
1.319543242454528809e+00
