-1.378524303436279297e+00
-1.356011509895324707e+00
-1.333498597145080566e+00
-1.310985922813415527e+00
-1.288476228713989258e+00
-1.265968084335327148e+00
-1.243459939956665039e+00
-1.220951795578002930e+00
-1.198443651199340820e+00
-1.175935745239257812e+00
-1.153428792953491211e+00
-1.130922079086303711e+00
-1.108415603637695312e+00
-1.085909366607666016e+00
-1.063403010368347168e+00
-1.040896773338317871e+00
-1.018390417098999023e+00
-9.958841800689697266e-01
-9.733778238296508789e-01
-9.508717060089111328e-01
-9.283654689788818359e-01
-9.058592319488525391e-01
-8.833529353141784668e-01
-8.608466386795043945e-01
-8.383404016494750977e-01
-8.158340454101562500e-01
-7.933276891708374023e-01
-7.708207368850708008e-01
-7.483139038085937500e-01
-7.258073091506958008e-01
-7.033007144927978516e-01
-6.807945966720581055e-01
-6.582887768745422363e-01
-6.357823610305786133e-01
-6.132743358612060547e-01
-5.907699465751647949e-01
-5.682672262191772461e-01
-5.457769036293029785e-01
-5.232905149459838867e-01
-5.008108615875244141e-01
-4.783383607864379883e-01
-4.558757543563842773e-01
-4.334140121936798096e-01
-4.109559357166290283e-01
-3.885142803192138672e-01
-3.660826683044433594e-01
-3.436642885208129883e-01
-3.212655782699584961e-01
-2.988895773887634277e-01
-2.765643000602722168e-01
-2.543321251869201660e-01
-2.322381734848022461e-01
-2.102289199829101562e-01
-1.882799565792083740e-01
-1.667040884494781494e-01
-1.452525854110717773e-01
-1.242344379425048828e-01
-1.044746339321136475e-01
-8.632884174585342407e-02
-6.917223334312438965e-02
-5.346441268920898438e-02
-3.937267139554023743e-02
-2.705049701035022736e-02
-1.670693419873714447e-02
-7.339666131883859634e-03
1.194004900753498077e-03
8.911147713661193848e-03
1.605702564120292664e-02
2.253483608365058899e-02
2.869053184986114502e-02
3.447025269269943237e-02
3.991938754916191101e-02
4.521146416664123535e-02
5.036643892526626587e-02
5.544408410787582397e-02
6.028745695948600769e-02
6.497919559478759766e-02
6.963713467121124268e-02
7.427466660737991333e-02
7.888445258140563965e-02
8.346867561340332031e-02
8.804863691329956055e-02
9.262773394584655762e-02
9.719482064247131348e-02
1.017561554908752441e-01
1.063080802559852600e-01
1.108410060405731201e-01
1.153590381145477295e-01
1.198659092187881470e-01
1.243581771850585938e-01
1.288428008556365967e-01
1.333214342594146729e-01
1.377992779016494751e-01
1.422652602195739746e-01
1.467196792364120483e-01
1.511621177196502686e-01
1.556046158075332642e-01
1.600471436977386475e-01
1.644893586635589600e-01
1.689306050539016724e-01
1.733596920967102051e-01
1.777849495410919189e-01
1.822096705436706543e-01
1.866327822208404541e-01
1.910545527935028076e-01
1.954744011163711548e-01
1.998942196369171143e-01
2.043140232563018799e-01
2.087338864803314209e-01
2.131537199020385742e-01
2.175735235214233398e-01
2.219910025596618652e-01
2.264078557491302490e-01
2.308247238397598267e-01
2.352413237094879150e-01
2.396509796380996704e-01
2.440606653690338135e-01
2.484703510999679565e-01
2.528800368309020996e-01
2.572877705097198486e-01
2.616862058639526367e-01
