-9.126369357109069824e-01
-8.978732228279113770e-01
-8.831096887588500977e-01
-8.683460354804992676e-01
-8.535742759704589844e-01
-8.387994766235351562e-01
-8.240239620208740234e-01
-8.092485070228576660e-01
-7.944729924201965332e-01
-7.796967029571533203e-01
-7.649165391921997070e-01
-7.501347064971923828e-01
-7.353524565696716309e-01
-7.205688953399658203e-01
-7.057853937149047852e-01
-6.910018920898437500e-01
-6.762183308601379395e-01
-6.614347696304321289e-01
-6.466505527496337891e-01
-6.318652033805847168e-01
-6.170796155929565430e-01
-6.022928357124328613e-01
-5.875028371810913086e-01
-5.727115869522094727e-01
-5.579185485839843750e-01
-5.431255102157592773e-01
-5.283308625221252441e-01
-5.135277509689331055e-01
-4.987246394157409668e-01
-4.839215874671936035e-01
-4.691185355186462402e-01
-4.543134570121765137e-01
-4.395045042037963867e-01
-4.246893227100372314e-01
-4.098600149154663086e-01
-3.950240015983581543e-01
-3.801702260971069336e-01
-3.652966022491455078e-01
-3.503966033458709717e-01
-3.354751169681549072e-01
-3.205431401729583740e-01
-3.056039512157440186e-01
-2.906156778335571289e-01
-2.755664587020874023e-01
-2.604749798774719238e-01
-2.452967613935470581e-01
-2.300298959016799927e-01
-2.146967500448226929e-01
-1.992674767971038818e-01
-1.837325096130371094e-01
-1.680456250905990601e-01
-1.521435976028442383e-01
-1.358604431152343750e-01
-1.189778596162796021e-01
-1.019064038991928101e-01
-8.432891219854354858e-02
-6.633812189102172852e-02
-4.803013801574707031e-02
-2.957184985280036926e-02
-9.779596701264381409e-03
1.097494736313819885e-02
3.244720771908760071e-02
5.519140884280204773e-02
7.758930325508117676e-02
1.004994735121726990e-01
1.235326081514358521e-01
1.465943157672882080e-01
1.698530614376068115e-01
1.929147243499755859e-01
2.160258591175079346e-01
2.389810383319854736e-01
2.618398070335388184e-01
2.847498357295989990e-01
3.076300024986267090e-01
3.305355608463287354e-01
3.533010482788085938e-01
3.759990334510803223e-01
3.986923992633819580e-01
4.213754534721374512e-01
4.440509080886840820e-01
4.667168855667114258e-01
4.893815517425537109e-01
5.120481252670288086e-01
5.347071886062622070e-01
5.573741197586059570e-01
5.800459980964660645e-01
6.027052998542785645e-01
6.253530979156494141e-01
6.479984521865844727e-01
6.706371307373046875e-01
6.932688355445861816e-01
7.158964872360229492e-01
7.385240793228149414e-01
7.611418962478637695e-01
7.837493419647216797e-01
8.063461780548095703e-01
8.289432525634765625e-01
8.515406847000122070e-01
8.741376399993896484e-01
8.967338800430297852e-01
9.193192720413208008e-01
9.419012069702148438e-01
9.644824862480163574e-01
9.870623350143432617e-01
1.009641051292419434e+00
1.032218098640441895e+00
1.054795026779174805e+00
1.077371835708618164e+00
1.099948883056640625e+00
1.122525930404663086e+00
1.145102977752685547e+00
1.167677640914916992e+00
1.190252304077148438e+00
1.212826848030090332e+00
1.235401034355163574e+00
1.257969260215759277e+00
1.280537843704223633e+00
1.303106427192687988e+00
1.325674891471862793e+00
1.348241567611694336e+00
1.370801210403442383e+00
