-1.284450411796569824e+00
-1.263765573501586914e+00
-1.243080973625183105e+00
-1.222396135330200195e+00
-1.201721549034118652e+00
-1.181050896644592285e+00
-1.160380959510803223e+00
-1.139711022377014160e+00
-1.119041085243225098e+00
-1.098371863365173340e+00
-1.077706694602966309e+00
-1.057042837142944336e+00
-1.036379575729370117e+00
-1.015717267990112305e+00
-9.950550794601440430e-01
-9.743927717208862305e-01
-9.537304639816284180e-01
-9.330682158470153809e-01
-9.124064445495605469e-01
-8.917452692985534668e-01
-8.710843324661254883e-01
-8.504239320755004883e-01
-8.297652006149291992e-01
-8.091070055961608887e-01
-7.884496450424194336e-01
-7.677922844886779785e-01
-7.471355199813842773e-01
-7.264816761016845703e-01
-7.058278918266296387e-01
-6.851741671562194824e-01
-6.645205020904541016e-01
-6.438676714897155762e-01
-6.232159137725830078e-01
-6.025654077529907227e-01
-5.819169282913208008e-01
-5.612716674804687500e-01
-5.406300425529479980e-01
-5.199977159500122070e-01
-4.993704855442047119e-01
-4.787489473819732666e-01
-4.581319093704223633e-01
-4.375203549861907959e-01
-4.169111847877502441e-01
-3.963055610656738281e-01
-3.757094740867614746e-01
-3.551182150840759277e-01
-3.345330357551574707e-01
-3.139573335647583008e-01
-2.933913171291351318e-01
-2.728512287139892578e-01
-2.523623108863830566e-01
-2.319512665271759033e-01
-2.115731835365295410e-01
-1.911938488483428955e-01
-1.710621416568756104e-01
-1.509773135185241699e-01
-1.311782449483871460e-01
-1.123131066560745239e-01
-9.469824284315109253e-02
-7.777452468872070312e-02
-6.198325753211975098e-02
-4.752979427576065063e-02
-3.455480188131332397e-02
-2.339918166399002075e-02
-1.312092039734125137e-02
-3.630086313933134079e-03
5.071405787020921707e-03
1.321652717888355255e-02
2.068011090159416199e-02
2.781670540571212769e-02
3.455623984336853027e-02
4.094504192471504211e-02
4.716847464442253113e-02
5.324344709515571594e-02
5.923525243997573853e-02
6.496505439281463623e-02
7.052487134933471680e-02
7.604691386222839355e-02
8.154553174972534180e-02
8.701232075691223145e-02
9.244952350854873657e-02
9.788174182176589966e-02
1.033129841089248657e-01
1.087299436330795288e-01
1.141401678323745728e-01
1.195392012596130371e-01
1.249152421951293945e-01
1.302731633186340332e-01
1.356174647808074951e-01
1.409438848495483398e-01
1.462608873844146729e-01
1.515704393386840820e-01
1.568790078163146973e-01
1.621727645397186279e-01
1.674519777297973633e-01
1.727161407470703125e-01
1.779803335666656494e-01
1.832445859909057617e-01
1.885084658861160278e-01
1.937710940837860107e-01
1.990181356668472290e-01
2.042602151632308960e-01
2.095016539096832275e-01
2.147409915924072266e-01
2.199786007404327393e-01
2.252137064933776855e-01
2.304487675428390503e-01
2.356837987899780273e-01
2.409189045429229736e-01
2.461540102958679199e-01
2.513890564441680908e-01
2.566210031509399414e-01
2.618521749973297119e-01
2.670833468437194824e-01
2.723141312599182129e-01
2.775357067584991455e-01
2.827572822570800781e-01
2.879788875579833984e-01
2.932004928588867188e-01
2.984194755554199219e-01
3.036259114742279053e-01
