1.440908573567867279e-02
1.431547105312347412e-02
1.422185543924570084e-02
1.412824075669050217e-02
1.405447069555521011e-02
1.398829929530620575e-02
1.392355188727378845e-02
1.385880541056394577e-02
1.379405707120895386e-02
1.373113319277763367e-02
1.367652043700218201e-02
1.362532190978527069e-02
1.357516646385192871e-02
1.352754235267639160e-02
1.347991824150085449e-02
1.343229413032531738e-02
1.338467001914978027e-02
1.333704497665166855e-02
1.329071819782257080e-02
1.324628386646509171e-02
1.320239715278148651e-02
1.316039264202117920e-02
1.312367618083953857e-02
1.308910269290208817e-02
1.305729243904352188e-02
1.302548218518495560e-02
1.299612317234277725e-02
1.297939755022525787e-02
1.296267472207546234e-02
1.294595003128051758e-02
1.292922534048557281e-02
1.291558705270290375e-02
1.290729548782110214e-02
1.290723774582147598e-02
1.292518898844718933e-02
1.295337546616792679e-02
1.300463452935218811e-02
1.308578625321388245e-02
1.320050843060016632e-02
1.334382034838199615e-02
1.350220385938882828e-02
1.367284543812274933e-02
1.389865670353174210e-02
1.419309712946414948e-02
1.454016845673322678e-02
1.498281676322221756e-02
1.552344951778650284e-02
1.614015549421310425e-02
1.686294563114643097e-02
1.771267689764499664e-02
1.875268854200839996e-02
2.006235346198081970e-02
2.177046239376068115e-02
2.406131848692893982e-02
2.670280635356903076e-02
2.985493652522563934e-02
3.358159214258193970e-02
3.821009024977684021e-02
4.377436265349388123e-02
5.095361173152923584e-02
5.966889485716819763e-02
6.979993730783462524e-02
8.186663687229156494e-02
9.470449388027191162e-02
1.084405034780502319e-01
1.227021291851997375e-01
1.374023705720901489e-01
1.525302827358245850e-01
1.678584218025207520e-01
1.833743005990982056e-01
1.989720463752746582e-01
2.146691679954528809e-01
2.304755151271820068e-01
2.463337928056716919e-01
2.622475624084472656e-01
2.782041430473327637e-01
2.942033410072326660e-01
3.102182447910308838e-01
3.262388110160827637e-01
3.422706723213195801e-01
3.583118021488189697e-01
3.743547201156616211e-01
3.903989791870117188e-01
4.064463376998901367e-01
4.225007593631744385e-01
4.385627210140228271e-01
4.546293318271636963e-01
4.706989228725433350e-01
4.867734014987945557e-01
5.028527975082397461e-01
5.189335942268371582e-01
5.350159406661987305e-01
5.510988235473632812e-01
5.671846866607666016e-01
5.832730531692504883e-01
5.993642210960388184e-01
6.154556274414062500e-01
6.315470933914184570e-01
6.476384997367858887e-01
6.637301445007324219e-01
6.798254847526550293e-01
6.959220170974731445e-01
7.120184898376464844e-01
7.281154394149780273e-01
7.442131042480468750e-01
7.603113651275634766e-01
7.764095067977905273e-01
7.925076484680175781e-01
8.086059093475341797e-01
8.247041702270507812e-01
8.408022522926330566e-01
8.569013476371765137e-01
8.730008602142333984e-01
8.891003131866455078e-01
9.051997661590576172e-01
9.213023185729980469e-01
9.374049901962280273e-01
9.535076022148132324e-01
9.696100950241088867e-01
9.857136011123657227e-01
1.001821756362915039e+00
