-4.523091316223144531e-01 1.309899147599935532e-02
-4.296936690807342529e-01 1.329098735004663467e-02
-4.070782065391540527e-01 1.354073546826839447e-02
-3.844627439975738525e-01 1.386239100247621536e-02
-3.618472814559936523e-01 1.423924695700407028e-02
-3.392318189144134521e-01 1.471653580665588379e-02
-3.166163563728332520e-01 1.529687736183404922e-02
-2.940008938312530518e-01 1.595736108720302582e-02
-2.713854312896728516e-01 1.672981306910514832e-02
-2.487699687480926514e-01 1.763639971613883972e-02
-2.261545062065124512e-01 1.874442026019096375e-02
-2.035390436649322510e-01 2.013852819800376892e-02
-1.809235811233520508e-01 2.195613831281661987e-02
-1.583081185817718506e-01 2.439425699412822723e-02
-1.356926709413528442e-01 2.720663510262966156e-02
-1.130772009491920471e-01 3.056526742875576019e-02
-9.046173840761184692e-02 3.454022109508514404e-02
-6.784627586603164673e-02 3.948504105210304260e-02
-4.523081704974174500e-02 4.543992131948471069e-02
-2.261535450816154480e-02 5.314269289374351501e-02
1.078389004760538228e-07 6.251332163810729980e-02
2.261554263532161713e-02 7.342806458473205566e-02
4.523103311657905579e-02 8.646065741777420044e-02
6.784652173519134521e-02 1.003411337733268738e-01
9.046195447444915771e-02 1.152140945196151733e-01
1.130773872137069702e-01 1.306710392236709595e-01
1.356928795576095581e-01 1.466187089681625366e-01
1.583083719015121460e-01 1.630477607250213623e-01
1.809238046407699585e-01 1.797039508819580078e-01
2.035392373800277710e-01 1.965750902891159058e-01
2.261547297239303589e-01 2.135407179594039917e-01
2.487702220678329468e-01 2.306208163499832153e-01
2.713856399059295654e-01 2.478267848491668701e-01
2.940010726451873779e-01 2.650918364524841309e-01
3.166165649890899658e-01 2.824206650257110596e-01
3.392320573329925537e-01 2.997955381870269775e-01
3.618474900722503662e-01 3.172174692153930664e-01
3.844629228115081787e-01 3.346571028232574463e-01
4.070784151554107666e-01 3.521029353141784668e-01
4.296939074993133545e-01 3.695614039897918701e-01
4.523093402385711670e-01 3.870300352573394775e-01
4.749247729778289795e-01 4.045005738735198975e-01
4.975402057170867920e-01 4.219728708267211914e-01
5.201557874679565430e-01 4.394485056400299072e-01
5.427712202072143555e-01 4.569323062896728516e-01
5.653866529464721680e-01 4.744249880313873291e-01
5.880021452903747559e-01 4.919227957725524902e-01
6.106176376342773438e-01 5.094233155250549316e-01
6.332330703735351562e-01 5.269291996955871582e-01
6.558485031127929688e-01 5.444406270980834961e-01
6.784639358520507812e-01 5.619533658027648926e-01
7.010794281959533691e-01 5.794678926467895508e-01
7.236949205398559570e-01 5.969826579093933105e-01
7.463103532791137695e-01 6.145001053810119629e-01
7.689258456230163574e-01 6.320201754570007324e-01
7.915412783622741699e-01 6.495426893234252930e-01
8.141567111015319824e-01 6.670652627944946289e-01
8.367722034454345703e-01 6.845878958702087402e-01
8.593876361846923828e-01 7.021105885505676270e-01
8.820031285285949707e-01 7.196337580680847168e-01
9.046185612678527832e-01 7.371598482131958008e-01
9.272339940071105957e-01 7.546871304512023926e-01
9.498495459556579590e-01 7.722145318984985352e-01
9.724649786949157715e-01 7.897423505783081055e-01
9.950804114341735840e-01 8.072705864906311035e-01
1.017695903778076172e+00 8.247993588447570801e-01
1.040311336517333984e+00 8.423282504081726074e-01
1.062926888465881348e+00 8.598570823669433594e-01
1.085542321205139160e+00 8.773859143257141113e-01
1.108157753944396973e+00 8.949146866798400879e-01
1.130773305892944336e+00 9.124436974525451660e-01
1.153388738632202148e+00 9.299733638763427734e-01
1.176004171371459961e+00 9.475033283233642578e-01
1.198619604110717773e+00 9.650332927703857422e-01
1.221235036849975586e+00 9.825633764266967773e-01
1.243850588798522949e+00 1.000096321105957031e+00
1.266466021537780762e+00 1.017629384994506836e+00
1.289081454277038574e+00 1.035162210464477539e+00
1.311697006225585938e+00 1.052695155143737793e+00
1.334312438964843750e+00 1.070229053497314453e+00
1.356927871704101562e+00 1.087767124176025391e+00
