-4.523091316223144531e-01 4.658264815807342529e-01
-4.296936690807342529e-01 4.434387385845184326e-01
-4.070782065391540527e-01 4.211153388023376465e-01
-3.844627439975738525e-01 3.988721072673797607e-01
-3.618472814559936523e-01 3.766904771327972412e-01
-3.392318189144134521e-01 3.546211123466491699e-01
-3.166163563728332520e-01 3.326670527458190918e-01
-2.940008938312530518e-01 3.108027577400207520e-01
-2.713854312896728516e-01 2.890641689300537109e-01
-2.487699687480926514e-01 2.674762904644012451e-01
-2.261545062065124512e-01 2.461151033639907837e-01
-2.035390436649322510e-01 2.250765562057495117e-01
-1.809235811233520508e-01 2.045163810253143311e-01
-1.583081185817718506e-01 1.846582889556884766e-01
-1.356926709413528442e-01 1.652245968580245972e-01
-1.130772009491920471e-01 1.464115083217620850e-01
-9.046173840761184692e-02 1.283003836870193481e-01
-6.784627586603164673e-02 1.112964004278182983e-01
-4.523081704974174500e-02 9.544913470745086670e-02
-2.261535450816154480e-02 8.160830289125442505e-02
1.078389004760538228e-07 6.968753039836883545e-02
2.261554263532161713e-02 5.955114960670471191e-02
4.523103311657905579e-02 5.186888948082923889e-02
6.784652173519134521e-02 4.517327994108200073e-02
9.046195447444915771e-02 3.963758051395416260e-02
1.130773872137069702e-01 3.478737175464630127e-02
1.356928795576095581e-01 3.051654994487762451e-02
1.583083719015121460e-01 2.681680023670196533e-02
1.809238046407699585e-01 2.338840067386627197e-02
2.035392373800277710e-01 2.021862566471099854e-02
2.261547297239303589e-01 1.716303825378417969e-02
2.487702220678329468e-01 1.424585282802581787e-02
2.713856399059295654e-01 1.148092746734619141e-02
2.940010726451873779e-01 8.786678314208984375e-03
3.166165649890899658e-01 6.169289350509643555e-03
3.392320573329925537e-01 3.604531288146972656e-03
3.618474900722503662e-01 1.094728708267211914e-03
3.844629228115081787e-01 -1.393944025039672852e-03
4.070784151554107666e-01 -3.875613212585449219e-03
4.296939074993133545e-01 -6.342351436614990234e-03
4.523093402385711670e-01 -8.797138929367065430e-03
4.749247729778289795e-01 -1.124975085258483887e-02
4.975402057170867920e-01 -1.370015740394592285e-02
5.201557874679565430e-01 -1.614707708358764648e-02
5.427712202072143555e-01 -1.858359575271606445e-02
5.653866529464721680e-01 -2.100914716720581055e-02
5.880021452903747559e-01 -2.342921495437622070e-02
6.106176376342773438e-01 -2.584648132324218750e-02
6.332330703735351562e-01 -2.825707197189331055e-02
6.558485031127929688e-01 -3.066134452819824219e-02
6.784639358520507812e-01 -3.306448459625244141e-02
7.010794281959533691e-01 -3.546571731567382812e-02
7.236949205398559570e-01 -3.786659240722656250e-02
7.463103532791137695e-01 -4.026472568511962891e-02
7.689258456230163574e-01 -4.266047477722167969e-02
7.915412783622741699e-01 -4.505383968353271484e-02
8.141567111015319824e-01 -4.744714498519897461e-02
8.367722034454345703e-01 -4.984039068222045898e-02
8.593876361846923828e-01 -5.223339796066284180e-02
8.820031285285949707e-01 -5.462622642517089844e-02
9.046185612678527832e-01 -5.701601505279541016e-02
9.272339940071105957e-01 -5.940485000610351562e-02
9.498495459556579590e-01 -6.179362535476684570e-02
9.724649786949157715e-01 -6.418192386627197266e-02
9.950804114341735840e-01 -6.656980514526367188e-02
1.017695903778076172e+00 -6.895726919174194336e-02
1.040311336517333984e+00 -7.134449481964111328e-02
1.062926888465881348e+00 -7.373189926147460938e-02
1.085542321205139160e+00 -7.611906528472900391e-02
1.108157753944396973e+00 -7.850658893585205078e-02
1.130773305892944336e+00 -8.089387416839599609e-02
1.153388738632202148e+00 -8.328020572662353516e-02
1.176004171371459961e+00 -8.566641807556152344e-02
1.198619604110717773e+00 -8.805251121520996094e-02
1.221235036849975586e+00 -9.043872356414794922e-02
1.243850588798522949e+00 -9.282195568084716797e-02
1.266466021537780762e+00 -9.520530700683593750e-02
1.289081454277038574e+00 -9.758841991424560547e-02
1.311697006225585938e+00 -9.997177124023437500e-02
1.334312438964843750e+00 -1.023541688919067383e-01
1.356927871704101562e+00 -1.047321557998657227e-01
