8.476022481918334961e-01
8.479791879653930664e-01
8.483464121818542480e-01
8.487044572830200195e-01
8.490534424781799316e-01
8.493936657905578613e-01
8.204576969146728516e-01
7.928614616394042969e-01
7.665490508079528809e-01
7.414674758911132812e-01
7.175652980804443359e-01
6.947963237762451172e-01
6.731121540069580078e-01
6.524657011032104492e-01
6.328110098838806152e-01
6.141042709350585938e-01
5.963026285171508789e-01
5.793699026107788086e-01
5.632662177085876465e-01
5.479524135589599609e-01
5.333906412124633789e-01
5.195468068122863770e-01
5.063895583152770996e-01
4.938851296901702881e-01
4.820028543472290039e-01
4.707103371620178223e-01
4.599767923355102539e-01
4.497732222080230713e-01
4.400719404220581055e-01
4.308464825153350830e-01
4.220711588859558105e-01
4.137227535247802734e-01
4.057804048061370850e-01
3.982209563255310059e-01
3.910256326198577881e-01
3.841743469238281250e-01
3.776480555534362793e-01
3.714285492897033691e-01
3.654980659484863281e-01
3.598400354385375977e-01
3.544397652149200439e-01
3.492833375930786133e-01
3.443559706211090088e-01
3.396451473236083984e-01
3.351415097713470459e-01
3.308329880237579346e-01
3.267095088958740234e-01
3.227587938308715820e-01
3.189722001552581787e-01
3.153429031372070312e-01
3.118602335453033447e-01
3.085156083106994629e-01
3.053018450736999512e-01
3.022107481956481934e-01
2.992346584796905518e-01
2.963666617870330811e-01
2.936002910137176514e-01
2.909289598464965820e-01
2.883467972278594971e-01
2.858521640300750732e-01
2.834395468235015869e-01
2.811043560504913330e-01
2.788411378860473633e-01
2.766458392143249512e-01
2.745141685009002686e-01
2.724427282810211182e-01
2.704280912876129150e-01
2.684676051139831543e-01
2.665582895278930664e-01
2.646972537040710449e-01
2.628813982009887695e-01
2.611087858676910400e-01
2.593765258789062500e-01
2.576822340488433838e-01
2.560237944126129150e-01
2.543991804122924805e-01
2.528073191642761230e-01
2.512473165988922119e-01
2.497168332338333130e-01
2.482144087553024292e-01
2.467386424541473389e-01
2.452896684408187866e-01
2.438675612211227417e-01
2.424716651439666748e-01
2.410998195409774780e-01
2.397509813308715820e-01
2.384238839149475098e-01
2.371174097061157227e-01
2.358307391405105591e-01
2.345629781484603882e-01
2.333132326602935791e-01
2.320805788040161133e-01
2.308644801378250122e-01
2.296646684408187866e-01
2.284812182188034058e-01
2.273175567388534546e-01
2.261717617511749268e-01
2.250423133373260498e-01
2.239283323287963867e-01
2.228290736675262451e-01
2.217438220977783203e-01
2.206719517707824707e-01
2.196129113435745239e-01
2.185661792755126953e-01
2.175312638282775879e-01
2.165077179670333862e-01
2.154951244592666626e-01
2.144931852817535400e-01
2.135016620159149170e-01
2.125201970338821411e-01
2.115484327077865601e-01
2.105860859155654907e-01
2.096329182386398315e-01
2.086886763572692871e-01
2.077530920505523682e-01
2.068260461091995239e-01
2.059073597192764282e-01
2.049967795610427856e-01
2.040943801403045654e-01
2.032005488872528076e-01
2.023148238658905029e-01
2.014370411634445190e-01
2.005669325590133667e-01
1.997051388025283813e-01
1.988524049520492554e-01
1.980077624320983887e-01
1.971709430217742920e-01
1.963417530059814453e-01
1.955198794603347778e-01
1.947051584720611572e-01
1.938973963260650635e-01
1.930963695049285889e-01
1.923019737005233765e-01
1.915140450000762939e-01
1.907324194908142090e-01
1.899569928646087646e-01
1.891876310110092163e-01
1.884242296218872070e-01
1.876680552959442139e-01
1.869186460971832275e-01
1.861755996942520142e-01
1.854386925697326660e-01
1.847077608108520508e-01
1.839826554059982300e-01
1.832631975412368774e-01
1.825492978096008301e-01
1.818407773971557617e-01
1.811375766992568970e-01
1.804395765066146851e-01
1.797480136156082153e-01
1.790638267993927002e-01
1.783859282732009888e-01
1.777141094207763672e-01
1.770480722188949585e-01
1.763878762722015381e-01
1.757337749004364014e-01
1.750851869583129883e-01
1.744418740272521973e-01
1.738036274909973145e-01
1.731703281402587891e-01
1.725417524576187134e-01
1.719177961349487305e-01
1.712983250617980957e-01
1.706832051277160645e-01
1.700724363327026367e-01
1.694669127464294434e-01
1.688664406538009644e-01
1.682705730199813843e-01
1.676791310310363770e-01
1.670919805765151978e-01
1.665089577436447144e-01
1.659299880266189575e-01
1.653549373149871826e-01
1.647837162017822266e-01
1.642162501811981201e-01
1.636524498462677002e-01
1.630924493074417114e-01
1.625368595123291016e-01
1.619857549667358398e-01
1.614386290311813354e-01
1.608953624963760376e-01
1.603558212518692017e-01
1.598199158906936646e-01
1.592875123023986816e-01
1.587584912776947021e-01
1.582328230142593384e-01
1.577104479074478149e-01
1.571912765502929688e-01
1.566759496927261353e-01
1.561645865440368652e-01
1.556570678949356079e-01
1.551530808210372925e-01
1.546526551246643066e-01
1.541555672883987427e-01
1.536616683006286621e-01
1.531709283590316772e-01
1.526831984519958496e-01
1.521984338760375977e-01
1.517165601253509521e-01
1.512375026941299438e-01
1.507612317800521851e-01
1.502876877784729004e-01
1.498168110847473145e-01
1.493485718965530396e-01
1.488829553127288818e-01
