8.061872124671936035e-01
8.077809810638427734e-01
8.093213438987731934e-01
8.108106851577758789e-01
8.122510910034179688e-01
8.136447072029113770e-01
7.685257792472839355e-01
7.267582416534423828e-01
6.881022453308105469e-01
6.523436903953552246e-01
6.192743182182312012e-01
5.886994600296020508e-01
5.604408383369445801e-01
5.343359112739562988e-01
5.102235674858093262e-01
4.879620671272277832e-01
4.674169421195983887e-01
4.484574794769287109e-01
4.309592545032501221e-01
4.148098230361938477e-01
3.999044001102447510e-01
3.861504495143890381e-01
3.734599053859710693e-01
3.617486655712127686e-01
3.509368300437927246e-01
3.409539163112640381e-01
3.317334055900573730e-01
3.232210576534271240e-01
3.153614401817321777e-01
3.081038296222686768e-01
3.014005124568939209e-01
2.952060103416442871e-01
2.894756197929382324e-01
2.841687202453613281e-01
2.792554199695587158e-01
2.747032642364501953e-01
2.704783976078033447e-01
2.665525376796722412e-01
2.629010975360870361e-01
2.594990730285644531e-01
2.563241720199584961e-01
2.533545494079589844e-01
2.505718767642974854e-01
2.479613721370697021e-01
2.455057650804519653e-01
2.431928366422653198e-01
2.410139590501785278e-01
2.389547526836395264e-01
2.370036393404006958e-01
2.351502776145935059e-01
2.333856970071792603e-01
2.317013144493103027e-01
2.300896644592285156e-01
2.285448163747787476e-01
2.270641028881072998e-01
2.256442308425903320e-01
2.242772430181503296e-01
2.229580581188201904e-01
2.216822057962417603e-01
2.204457074403762817e-01
2.192449718713760376e-01
2.180768698453903198e-01
2.169384658336639404e-01
2.158272117376327515e-01
2.147408127784729004e-01
2.136774361133575439e-01
2.126351892948150635e-01
2.116124033927917480e-01
2.106076478958129883e-01
2.096195667982101440e-01
2.086469829082489014e-01
2.076888829469680786e-01
2.067443132400512695e-01
2.058125138282775879e-01
2.048926800489425659e-01
2.039844691753387451e-01
2.030876725912094116e-01
2.022015005350112915e-01
2.013253867626190186e-01
2.004588246345520020e-01
1.996024101972579956e-01
1.987562328577041626e-01
1.979192346334457397e-01
1.970910280942916870e-01
1.962711960077285767e-01
1.954593807458877563e-01
1.946552395820617676e-01
1.938584893941879272e-01
1.930688768625259399e-01
1.922861337661743164e-01
1.915100663900375366e-01
1.907404661178588867e-01
1.899771690368652344e-01
1.892200112342834473e-01
1.884688287973403931e-01
1.877247840166091919e-01
1.869875043630599976e-01
1.862564831972122192e-01
1.855315119028091431e-01
1.848124265670776367e-01
1.840990185737609863e-01
1.833911836147308350e-01
1.826887428760528564e-01
1.819915771484375000e-01
1.812995672225952148e-01
1.806126087903976440e-01
1.799312084913253784e-01
1.792573332786560059e-01
1.785895228385925293e-01
1.779276877641677856e-01
1.772714555263519287e-01
1.766205877065658569e-01
1.759758293628692627e-01
1.753364205360412598e-01
1.747021526098251343e-01
1.740728020668029785e-01
1.734482198953628540e-01
1.728282570838928223e-01
1.722127646207809448e-01
1.716016083955764771e-01
1.709946691989898682e-01
1.703919023275375366e-01
1.697936058044433594e-01
1.692004948854446411e-01
1.686119437217712402e-01
1.680277138948440552e-01
1.674476563930511475e-01
1.668716669082641602e-01
1.662996113300323486e-01
1.657313704490661621e-01
1.651668697595596313e-01
1.646060198545455933e-01
1.640487462282180786e-01
1.634949594736099243e-01
1.629449576139450073e-01
1.623994559049606323e-01
1.618580073118209839e-01
1.613203436136245728e-01
1.607863754034042358e-01
1.602559685707092285e-01
1.597290039062500000e-01
1.592054069042205811e-01
1.586850583553314209e-01
1.581679284572601318e-01
1.576539278030395508e-01
1.571430265903472900e-01
1.566359251737594604e-01
1.561326384544372559e-01
1.556329727172851562e-01
1.551367491483688354e-01
1.546438932418823242e-01
1.541542857885360718e-01
1.536677479743957520e-01
1.531842201948165894e-01
1.527035981416702271e-01
1.522258371114730835e-01
1.517508625984191895e-01
1.512786149978637695e-01
1.508090496063232422e-01
1.503421068191528320e-01
1.498777717351913452e-01
1.494159698486328125e-01
1.489567011594772339e-01
1.484999060630798340e-01
1.480455845594406128e-01
1.475939750671386719e-01
1.471450477838516235e-01
1.466986685991287231e-01
1.462547779083251953e-01
1.458136290311813354e-01
1.453751623630523682e-01
1.449391990900039673e-01
1.445057094097137451e-01
1.440745741128921509e-01
1.436461657285690308e-01
1.432202160358428955e-01
1.427966505289077759e-01
1.423766016960144043e-01
1.419593244791030884e-01
1.415446698665618896e-01
1.411325335502624512e-01
1.407227814197540283e-01
1.403153538703918457e-01
1.399101614952087402e-01
1.395071744918823242e-01
1.391069293022155762e-01
1.387096494436264038e-01
1.383150070905685425e-01
1.379227936267852783e-01
1.375328898429870605e-01
1.371452063322067261e-01
1.367596536874771118e-01
1.363761276006698608e-01
1.359946429729461670e-01
1.356150954961776733e-01
1.352376937866210938e-01
1.348623633384704590e-01
1.344890147447586060e-01
1.341177076101303101e-01
1.337482780218124390e-01
1.333807110786437988e-01
1.330149471759796143e-01
1.326511800289154053e-01
1.322892755270004272e-01
1.319291889667510986e-01
