-4.523091316223144531e-01 1.351734623312950134e-02
-4.296936690807342529e-01 1.374507788568735123e-02
-4.070782065391540527e-01 1.403713785111904144e-02
-3.844627439975738525e-01 1.440936606377363205e-02
-3.618472814559936523e-01 1.484319753944873810e-02
-3.392318189144134521e-01 1.538929529488086700e-02
-3.166163563728332520e-01 1.605068147182464600e-02
-2.940008938312530518e-01 1.680187322199344635e-02
-2.713854312896728516e-01 1.767873950302600861e-02
-2.487699687480926514e-01 1.870631054043769836e-02
-2.261545062065124512e-01 1.996059715747833252e-02
-2.035390436649322510e-01 2.153750695288181305e-02
-1.809235811233520508e-01 2.359279990196228027e-02
-1.583081185817718506e-01 2.635016664862632751e-02
-1.356926709413528442e-01 2.953192219138145447e-02
-1.130772009491920471e-01 3.333429992198944092e-02
-9.046173840761184692e-02 3.783864155411720276e-02
-6.784627586603164673e-02 4.345012456178665161e-02
-4.523081704974174500e-02 5.021831393241882324e-02
-2.261535450816154480e-02 5.899294838309288025e-02
1.078389004760538228e-07 6.968763470649719238e-02
2.261554263532161713e-02 8.216669410467147827e-02
4.523103311657905579e-02 9.709992259740829468e-02
6.784652173519134521e-02 1.130198016762733459e-01
9.046195447444915771e-02 1.300995349884033203e-01
1.130773872137069702e-01 1.478647589683532715e-01
1.356928795576095581e-01 1.662094295024871826e-01
1.583083719015121460e-01 1.851251721382141113e-01
1.809238046407699585e-01 2.043122053146362305e-01
2.035392373800277710e-01 2.237578630447387695e-01
2.261547297239303589e-01 2.433177679777145386e-01
2.487702220678329468e-01 2.630160748958587646e-01
2.713856399059295654e-01 2.828665673732757568e-01
2.940010726451873779e-01 3.027877509593963623e-01
3.166165649890899658e-01 3.227858543395996094e-01
3.392320573329925537e-01 3.428365886211395264e-01
3.618474900722503662e-01 3.629422187805175781e-01
3.844629228115081787e-01 3.830689787864685059e-01
4.070784151554107666e-01 4.032028019428253174e-01
4.296939074993133545e-01 4.233515560626983643e-01
4.523093402385711670e-01 4.435122013092041016e-01
4.749247729778289795e-01 4.636750221252441406e-01
4.975402057170867920e-01 4.838400483131408691e-01
5.201557874679565430e-01 5.040087103843688965e-01
5.427712202072143555e-01 5.241876244544982910e-01
5.653866529464721680e-01 5.443775057792663574e-01
5.880021452903747559e-01 5.645729303359985352e-01
6.106176376342773438e-01 5.847711563110351562e-01
6.332330703735351562e-01 6.049759984016418457e-01
6.558485031127929688e-01 6.251871585845947266e-01
6.784639358520507812e-01 6.453994512557983398e-01
7.010794281959533691e-01 6.656137108802795410e-01
7.236949205398559570e-01 6.858283281326293945e-01
7.463103532791137695e-01 7.060456275939941406e-01
7.689258456230163574e-01 7.262653708457946777e-01
7.915412783622741699e-01 7.464874386787414551e-01
8.141567111015319824e-01 7.667095661163330078e-01
8.367722034454345703e-01 7.869318127632141113e-01
8.593876361846923828e-01 8.071542382240295410e-01
8.820031285285949707e-01 8.273769021034240723e-01
9.046185612678527832e-01 8.476025462150573730e-01
9.272339940071105957e-01 8.678291440010070801e-01
9.498495459556579590e-01 8.880559206008911133e-01
9.724649786949157715e-01 9.082830548286437988e-01
9.950804114341735840e-01 9.285106062889099121e-01
1.017695903778076172e+00 9.487386345863342285e-01
1.040311336517333984e+00 9.689668416976928711e-01
1.062926888465881348e+00 9.891949892044067383e-01
1.085542321205139160e+00 1.009423255920410156e+00
1.108157753944396973e+00 1.029651165008544922e+00
1.130773305892944336e+00 1.049879431724548340e+00
1.153388738632202148e+00 1.070108532905578613e+00
1.176004171371459961e+00 1.090337753295898438e+00
1.198619604110717773e+00 1.110567092895507812e+00
1.221235036849975586e+00 1.130796313285827637e+00
1.243850588798522949e+00 1.151028633117675781e+00
1.266466021537780762e+00 1.171260714530944824e+00
1.289081454277038574e+00 1.191493034362792969e+00
1.311697006225585938e+00 1.211725234985351562e+00
1.334312438964843750e+00 1.231958270072937012e+00
1.356927871704101562e+00 1.252195715904235840e+00
