-4.523091316223144531e-01 0.000000000000000000e+00
-4.296936690807342529e-01 0.000000000000000000e+00
-4.070782065391540527e-01 0.000000000000000000e+00
-3.844627439975738525e-01 0.000000000000000000e+00
-3.618472814559936523e-01 0.000000000000000000e+00
-3.392318189144134521e-01 0.000000000000000000e+00
-3.166163563728332520e-01 0.000000000000000000e+00
-2.940008938312530518e-01 0.000000000000000000e+00
-2.713854312896728516e-01 0.000000000000000000e+00
-2.487699687480926514e-01 0.000000000000000000e+00
-2.261545062065124512e-01 0.000000000000000000e+00
-2.035390436649322510e-01 0.000000000000000000e+00
-1.809235811233520508e-01 0.000000000000000000e+00
-1.583081185817718506e-01 0.000000000000000000e+00
-1.356926709413528442e-01 0.000000000000000000e+00
-1.130772009491920471e-01 0.000000000000000000e+00
-9.046173840761184692e-02 0.000000000000000000e+00
-6.784627586603164673e-02 0.000000000000000000e+00
-4.523081704974174500e-02 0.000000000000000000e+00
-2.261535450816154480e-02 0.000000000000000000e+00
1.078389004760538228e-07 0.000000000000000000e+00
2.261554263532161713e-02 0.000000000000000000e+00
4.523103311657905579e-02 0.000000000000000000e+00
6.784652173519134521e-02 0.000000000000000000e+00
9.046195447444915771e-02 0.000000000000000000e+00
1.130773872137069702e-01 0.000000000000000000e+00
1.356928795576095581e-01 0.000000000000000000e+00
1.583083719015121460e-01 0.000000000000000000e+00
1.809238046407699585e-01 0.000000000000000000e+00
2.035392373800277710e-01 0.000000000000000000e+00
2.261547297239303589e-01 0.000000000000000000e+00
2.487702220678329468e-01 0.000000000000000000e+00
2.713856399059295654e-01 0.000000000000000000e+00
2.940010726451873779e-01 0.000000000000000000e+00
3.166165649890899658e-01 0.000000000000000000e+00
3.392320573329925537e-01 0.000000000000000000e+00
3.618474900722503662e-01 0.000000000000000000e+00
3.844629228115081787e-01 0.000000000000000000e+00
4.070784151554107666e-01 0.000000000000000000e+00
4.296939074993133545e-01 0.000000000000000000e+00
4.523093402385711670e-01 0.000000000000000000e+00
4.749247729778289795e-01 0.000000000000000000e+00
4.975402057170867920e-01 0.000000000000000000e+00
5.201557874679565430e-01 0.000000000000000000e+00
5.427712202072143555e-01 0.000000000000000000e+00
5.653866529464721680e-01 0.000000000000000000e+00
5.880021452903747559e-01 0.000000000000000000e+00
6.106176376342773438e-01 0.000000000000000000e+00
6.332330703735351562e-01 0.000000000000000000e+00
6.558485031127929688e-01 0.000000000000000000e+00
6.784639358520507812e-01 0.000000000000000000e+00
7.010794281959533691e-01 0.000000000000000000e+00
7.236949205398559570e-01 0.000000000000000000e+00
7.463103532791137695e-01 0.000000000000000000e+00
7.689258456230163574e-01 0.000000000000000000e+00
7.915412783622741699e-01 0.000000000000000000e+00
8.141567111015319824e-01 0.000000000000000000e+00
8.367722034454345703e-01 0.000000000000000000e+00
8.593876361846923828e-01 0.000000000000000000e+00
8.820031285285949707e-01 0.000000000000000000e+00
9.046185612678527832e-01 0.000000000000000000e+00
9.272339940071105957e-01 0.000000000000000000e+00
9.498495459556579590e-01 0.000000000000000000e+00
9.724649786949157715e-01 0.000000000000000000e+00
9.950804114341735840e-01 0.000000000000000000e+00
1.017695903778076172e+00 0.000000000000000000e+00
1.040311336517333984e+00 0.000000000000000000e+00
1.062926888465881348e+00 0.000000000000000000e+00
1.085542321205139160e+00 0.000000000000000000e+00
1.108157753944396973e+00 0.000000000000000000e+00
1.130773305892944336e+00 0.000000000000000000e+00
1.153388738632202148e+00 0.000000000000000000e+00
1.176004171371459961e+00 0.000000000000000000e+00
1.198619604110717773e+00 0.000000000000000000e+00
1.221235036849975586e+00 0.000000000000000000e+00
1.243850588798522949e+00 0.000000000000000000e+00
1.266466021537780762e+00 0.000000000000000000e+00
1.289081454277038574e+00 0.000000000000000000e+00
1.311697006225585938e+00 0.000000000000000000e+00
1.334312438964843750e+00 0.000000000000000000e+00
1.356927871704101562e+00 0.000000000000000000e+00
