8.617966175079345703e-01
8.618311882019042969e-01
8.618649244308471680e-01
8.618978857994079590e-01
8.619301319122314453e-01
8.619616031646728516e-01
8.390678763389587402e-01
8.169448971748352051e-01
7.955731749534606934e-01
7.749338746070861816e-01
7.550081610679626465e-01
7.357771396636962891e-01
7.172233462333679199e-01
6.993287801742553711e-01
6.820757389068603516e-01
6.654451489448547363e-01
6.494180560111999512e-01
6.339769363403320312e-01
6.191030740737915039e-01
6.047784686088562012e-01
5.909886360168457031e-01
5.777170658111572266e-01
5.649464130401611328e-01
5.526589155197143555e-01
5.408375859260559082e-01
5.294665694236755371e-01
5.185323357582092285e-01
5.080195665359497070e-01
4.979130029678344727e-01
4.881982505321502686e-01
4.788595139980316162e-01
4.698818624019622803e-01
4.612502753734588623e-01
4.529507756233215332e-01
4.449698030948638916e-01
4.372941553592681885e-01
4.299106895923614502e-01
4.228069484233856201e-01
4.159721732139587402e-01
4.093959331512451172e-01
4.030660688877105713e-01
3.969727754592895508e-01
3.911071419715881348e-01
3.854579329490661621e-01
3.800160288810729980e-01
3.747719228267669678e-01
3.697161972522735596e-01
3.648402392864227295e-01
3.601354956626892090e-01
3.555952012538909912e-01
3.512119054794311523e-01
3.469776511192321777e-01
3.428860902786254883e-01
3.389317393302917480e-01
3.351093828678131104e-01
3.314134776592254639e-01
3.278384506702423096e-01
3.243776261806488037e-01
3.210254609584808350e-01
3.177814483642578125e-01
3.146380186080932617e-01
3.115907907485961914e-01
3.086350262165069580e-01
3.057675063610076904e-01
3.029832839965820312e-01
3.002783954143524170e-01
2.976486980915069580e-01
2.950908243656158447e-01
2.926008403301239014e-01
2.901753783226013184e-01
2.878114581108093262e-01
2.855108082294464111e-01
2.832682728767395020e-01
2.810816168785095215e-01
2.789476513862609863e-01
2.768639624118804932e-01
2.748280167579650879e-01
2.728378474712371826e-01
2.708913087844848633e-01
2.689871490001678467e-01
2.671235203742980957e-01
2.652988433837890625e-01
2.635108232498168945e-01
2.617583274841308594e-01
2.600395679473876953e-01
2.583528459072113037e-01
2.566965520381927490e-01
2.550694346427917480e-01
2.534701526165008545e-01
2.518994212150573730e-01
2.503551244735717773e-01
2.488361001014709473e-01
2.473412901163101196e-01
2.458703517913818359e-01
2.444238215684890747e-01
2.430029958486557007e-01
2.416051030158996582e-01
2.402292937040328979e-01
2.388746440410614014e-01
2.375400960445404053e-01
2.362248599529266357e-01
2.349283695220947266e-01
2.336497157812118530e-01
2.323881983757019043e-01
2.311431169509887695e-01
2.299142628908157349e-01
2.287015914916992188e-01
2.275085151195526123e-01
2.263343334197998047e-01
2.251770347356796265e-01
2.240357398986816406e-01
2.229096740484237671e-01
2.217981666326522827e-01
2.207005620002746582e-01
2.196163237094879150e-01
2.185449153184890747e-01
2.174858301877975464e-01
2.164386212825775146e-01
2.154028564691543579e-01
2.143782526254653931e-01
2.133645415306091309e-01
2.123613506555557251e-01
2.113683223724365234e-01
2.103851437568664551e-01
2.094115912914276123e-01
2.084473818540573120e-01
2.074922621250152588e-01
2.065461128950119019e-01
2.056086361408233643e-01
2.046797126531600952e-01
2.037596553564071655e-01
2.028483897447586060e-01
2.019456475973129272e-01
2.010511606931686401e-01
2.001647204160690308e-01
1.992879062891006470e-01
1.984200477600097656e-01
1.975605636835098267e-01
1.967092305421829224e-01
1.958657801151275635e-01
1.950299739837646484e-01
1.942015439271926880e-01
1.933803707361221313e-01
1.925662308931350708e-01
1.917589455842971802e-01
1.909583956003189087e-01
1.901644021272659302e-01
1.893768310546875000e-01
1.885955780744552612e-01
1.878214180469512939e-01
1.870547384023666382e-01
1.862947940826416016e-01
1.855413317680358887e-01
1.847942024469375610e-01
1.840532124042510986e-01
1.833181977272033691e-01
1.825890392065048218e-01
1.818655878305435181e-01
1.811477094888687134e-01
1.804352998733520508e-01
1.797295808792114258e-01
1.790316402912139893e-01
1.783403009176254272e-01
1.776553690433502197e-01
1.769765019416809082e-01
1.763038039207458496e-01
1.756374835968017578e-01
1.749769151210784912e-01
1.743218898773193359e-01
1.736721992492675781e-01
1.730276197195053101e-01
1.723880022764205933e-01
1.717532128095626831e-01
1.711231023073196411e-01
1.704975515604019165e-01
1.698767393827438354e-01
1.692615598440170288e-01
1.686514616012573242e-01
1.680461466312408447e-01
1.674453914165496826e-01
1.668490916490554810e-01
1.662570834159851074e-01
1.656692624092102051e-01
1.650855094194412231e-01
1.645057201385498047e-01
1.639298200607299805e-01
1.633577197790145874e-01
1.627897769212722778e-01
1.622269153594970703e-01
1.616682857275009155e-01
1.611137390136718750e-01
1.605631709098815918e-01
1.600164324045181274e-01
1.594733744859695435e-01
1.589339375495910645e-01
1.583980321884155273e-01
1.578655391931533813e-01
1.573364287614822388e-01
1.568109989166259766e-01
1.562897861003875732e-01
1.557727009057998657e-01
1.552593111991882324e-01
1.547496467828750610e-01
1.542435139417648315e-01
1.537407636642456055e-01
