-4.523091316223144531e-01 4.654081165790557861e-01
-4.296936690807342529e-01 4.429846704006195068e-01
-4.070782065391540527e-01 4.206189513206481934e-01
-3.844627439975738525e-01 3.983251452445983887e-01
-3.618472814559936523e-01 3.760865330696105957e-01
-3.392318189144134521e-01 3.539483547210693359e-01
-3.166163563728332520e-01 3.319132328033447266e-01
-2.940008938312530518e-01 3.099582493305206299e-01
-2.713854312896728516e-01 2.881152331829071045e-01
-2.487699687480926514e-01 2.664063572883605957e-01
-2.261545062065124512e-01 2.448989301919937134e-01
-2.035390436649322510e-01 2.236775755882263184e-01
-1.809235811233520508e-01 2.028797268867492676e-01
-1.583081185817718506e-01 1.827023774385452271e-01
-1.356926709413528442e-01 1.628993004560470581e-01
-1.130772009491920471e-01 1.436424702405929565e-01
-9.046173840761184692e-02 1.250019669532775879e-01
-6.784627586603164673e-02 1.073313206434249878e-01
-4.523081704974174500e-02 9.067073464393615723e-02
-2.261535450816154480e-02 7.575804740190505981e-02
1.078389004760538228e-07 6.251321732997894287e-02
2.261554263532161713e-02 5.081252008676528931e-02
4.523103311657905579e-02 4.122962430119514465e-02
6.784652173519134521e-02 3.249461203813552856e-02
9.046195447444915771e-02 2.475214004516601562e-02
1.130773872137069702e-01 1.759365200996398926e-02
1.356928795576095581e-01 1.092582941055297852e-02
1.583083719015121460e-01 4.739388823509216309e-03
1.809238046407699585e-01 -1.219853758811950684e-03
2.035392373800277710e-01 -6.964147090911865234e-03
2.261547297239303589e-01 -1.261401176452636719e-02
2.487702220678329468e-01 -1.814940571784973145e-02
2.713856399059295654e-01 -2.355885505676269531e-02
2.940010726451873779e-01 -2.890923619270324707e-02
3.166165649890899658e-01 -3.419589996337890625e-02
3.392320573329925537e-01 -3.943651914596557617e-02
3.618474900722503662e-01 -4.463002085685729980e-02
3.844629228115081787e-01 -4.980581998825073242e-02
4.070784151554107666e-01 -5.497547984123229980e-02
4.296939074993133545e-01 -6.013250350952148438e-02
4.523093402385711670e-01 -6.527930498123168945e-02
4.749247729778289795e-01 -7.042419910430908203e-02
4.975402057170867920e-01 -7.556733489036560059e-02
5.201557874679565430e-01 -8.070728182792663574e-02
5.427712202072143555e-01 -8.583891391754150391e-02
5.653866529464721680e-01 -9.096166491508483887e-02
5.880021452903747559e-01 -9.607934951782226562e-02
6.106176376342773438e-01 -1.011943221092224121e-01
6.332330703735351562e-01 -1.063038706779479980e-01
6.558485031127929688e-01 -1.114078760147094727e-01
6.784639358520507812e-01 -1.165105700492858887e-01
7.010794281959533691e-01 -1.216115355491638184e-01
7.236949205398559570e-01 -1.267122626304626465e-01
7.463103532791137695e-01 -1.318102478981018066e-01
7.689258456230163574e-01 -1.369056701660156250e-01
7.915412783622741699e-01 -1.419985890388488770e-01
8.141567111015319824e-01 -1.470914483070373535e-01
8.367722034454345703e-01 -1.521843075752258301e-01
8.593876361846923828e-01 -1.572770476341247559e-01
8.820031285285949707e-01 -1.623693704605102539e-01
9.046185612678527832e-01 -1.674587130546569824e-01
9.272339940071105957e-01 -1.725468635559082031e-01
9.498495459556579590e-01 -1.776350140571594238e-01
9.724649786949157715e-01 -1.827226281166076660e-01
9.950804114341735840e-01 -1.878098249435424805e-01
1.017695903778076172e+00 -1.928965449333190918e-01
1.040311336517333984e+00 -1.979830861091613770e-01
1.062926888465881348e+00 -2.030698060989379883e-01
1.085542321205139160e+00 -2.081564068794250488e-01
1.108157753944396973e+00 -2.132430672645568848e-01
1.130773305892944336e+00 -2.183296084403991699e-01
1.153388738632202148e+00 -2.234153747558593750e-01
1.176004171371459961e+00 -2.285008430480957031e-01
1.198619604110717773e+00 -2.335863113403320312e-01
1.221235036849975586e+00 -2.386716604232788086e-01
1.243850588798522949e+00 -2.437542676925659180e-01
1.266466021537780762e+00 -2.488366365432739258e-01
1.289081454277038574e+00 -2.539192438125610352e-01
1.311697006225585938e+00 -2.590018510818481445e-01
1.334312438964843750e+00 -2.640833854675292969e-01
1.356927871704101562e+00 -2.691607475280761719e-01
