-4.523091316223144531e-01 1.349392905831336975e-02
-4.296936690807342529e-01 1.370765920728445053e-02
-4.070782065391540527e-01 1.398342847824096680e-02
-3.844627439975738525e-01 1.433648634701967239e-02
-3.618472814559936523e-01 1.474890764802694321e-02
-3.392318189144134521e-01 1.526943407952785492e-02
-3.166163563728332520e-01 1.590093970298767090e-02
-2.940008938312530518e-01 1.661883108317852020e-02
-2.713854312896728516e-01 1.745752058923244476e-02
-2.487699687480926514e-01 1.844100840389728546e-02
-2.261545062065124512e-01 1.964215189218521118e-02
-2.035390436649322510e-01 2.115276455879211426e-02
-1.809235811233520508e-01 2.312192320823669434e-02
-1.583081185817718506e-01 2.576355263590812683e-02
-1.356926709413528442e-01 2.881128527224063873e-02
-1.130772009491920471e-01 3.245240449905395508e-02
-9.046173840761184692e-02 3.676394745707511902e-02
-6.784627586603164673e-02 4.213184118270874023e-02
-4.523081704974174500e-02 4.860186949372291565e-02
-2.261535450816154480e-02 5.698167160153388977e-02
1.078389004760538228e-07 6.718675047159194946e-02
2.261554263532161713e-02 7.908533513545989990e-02
4.523103311657905579e-02 9.331033378839492798e-02
6.784652173519134521e-02 1.084689199924468994e-01
9.046195447444915771e-02 1.247229948639869690e-01
1.130773872137069702e-01 1.416232883930206299e-01
1.356928795576095581e-01 1.590684503316879272e-01
1.583083719015121460e-01 1.770495027303695679e-01
1.809238046407699585e-01 1.952844262123107910e-01
2.035392373800277710e-01 2.137606143951416016e-01
2.261547297239303589e-01 2.323431670665740967e-01
2.487702220678329468e-01 2.510545551776885986e-01
2.713856399059295654e-01 2.699075937271118164e-01
2.940010726451873779e-01 2.888267636299133301e-01
3.166165649890899658e-01 3.078176081180572510e-01
3.392320573329925537e-01 3.268586099147796631e-01
3.618474900722503662e-01 3.459515273571014404e-01
3.844629228115081787e-01 3.650642335414886475e-01
4.070784151554107666e-01 3.841836452484130859e-01
4.296939074993133545e-01 4.033171236515045166e-01
4.523093402385711670e-01 4.224618375301361084e-01
4.749247729778289795e-01 4.416085779666900635e-01
4.975402057170867920e-01 4.607574045658111572e-01
5.201557874679565430e-01 4.799098074436187744e-01
5.427712202072143555e-01 4.990714788436889648e-01
5.653866529464721680e-01 5.182433724403381348e-01
5.880021452903747559e-01 5.374205708503723145e-01
6.106176376342773438e-01 5.566006898880004883e-01
6.332330703735351562e-01 5.757868289947509766e-01
6.558485031127929688e-01 5.949789881706237793e-01
6.784639358520507812e-01 6.141724586486816406e-01
7.010794281959533691e-01 6.333677768707275391e-01
7.236949205398559570e-01 6.525633931159973145e-01
7.463103532791137695e-01 6.717618107795715332e-01
7.689258456230163574e-01 6.909627318382263184e-01
7.915412783622741699e-01 7.101660966873168945e-01
8.141567111015319824e-01 7.293694615364074707e-01
8.367722034454345703e-01 7.485730051994323730e-01
8.593876361846923828e-01 7.677765488624572754e-01
8.820031285285949707e-01 7.869805097579956055e-01
9.046185612678527832e-01 8.061875700950622559e-01
9.272339940071105957e-01 8.253954648971557617e-01
9.498495459556579590e-01 8.446037769317626953e-01
9.724649786949157715e-01 8.638123273849487305e-01
9.950804114341735840e-01 8.830212950706481934e-01
1.017695903778076172e+00 9.022307991981506348e-01
1.040311336517333984e+00 9.214404821395874023e-01
1.062926888465881348e+00 9.406501650810241699e-01
1.085542321205139160e+00 9.598597288131713867e-01
1.108157753944396973e+00 9.790693521499633789e-01
1.130773305892944336e+00 9.982790350914001465e-01
1.153388738632202148e+00 1.017489552497863770e+00
1.176004171371459961e+00 1.036700367927551270e+00
1.198619604110717773e+00 1.055910944938659668e+00
1.221235036849975586e+00 1.075121760368347168e+00
1.243850588798522949e+00 1.094335556030273438e+00
1.266466021537780762e+00 1.113549351692199707e+00
1.289081454277038574e+00 1.132763147354125977e+00
1.311697006225585938e+00 1.151976823806762695e+00
1.334312438964843750e+00 1.171191453933715820e+00
1.356927871704101562e+00 1.190410375595092773e+00
