0.000000000000000000e+00
8.564757555723190308e-02
2.638992369174957275e-01
3.770274221897125244e-01
4.486522376537322998e-01
4.967804849147796631e-01
3.786229193210601807e-01
2.925670444965362549e-01
2.299650460481643677e-01
1.845640093088150024e-01
1.518896967172622681e-01
1.285499781370162964e-01
1.119803041219711304e-01
1.003076285123825073e-01
9.222002327442169189e-02
8.660425990819931030e-02
8.270768821239471436e-02
8.000108599662780762e-02
7.810737192630767822e-02
7.677536457777023315e-02
7.582730054855346680e-02
7.514032721519470215e-02
7.463249564170837402e-02
7.424810528755187988e-02
7.394798099994659424e-02
7.370538264513015747e-02
7.350262254476547241e-02
7.332773506641387939e-02
7.317141443490982056e-02
7.302784919738769531e-02
7.289304584264755249e-02
7.276479154825210571e-02
7.264092564582824707e-02
7.252003997564315796e-02
7.240127027034759521e-02
7.228401303291320801e-02
7.216785103082656860e-02
7.205250859260559082e-02
7.193781435489654541e-02
7.182363420724868774e-02
7.170988619327545166e-02
7.159651070833206177e-02
7.148347049951553345e-02
7.137073576450347900e-02
7.125828415155410767e-02
7.114613056182861328e-02
7.103422284126281738e-02
7.092258334159851074e-02
7.081119716167449951e-02
7.070007920265197754e-02
7.058919966220855713e-02
7.047858089208602905e-02
7.036820054054260254e-02
7.025806605815887451e-02
7.014818489551544189e-02
7.003854960203170776e-02
6.992916017770767212e-02
6.982000917196273804e-02
6.971110403537750244e-02
6.960243731737136841e-02
6.949400901794433594e-02
6.938582658767700195e-02
6.927788257598876953e-02
6.917016953229904175e-02
6.906270235776901245e-02
6.895549595355987549e-02
6.884855031967163086e-02
6.874185055494308472e-02
6.863538920879364014e-02
6.852917373180389404e-02
6.842318922281265259e-02
6.831744313240051270e-02
6.821192055940628052e-02
6.810662895441055298e-02
6.800157576799392700e-02
6.789674609899520874e-02
6.779215484857559204e-02
6.768778711557388306e-02
6.758365035057067871e-02
6.747973710298538208e-02
6.737609952688217163e-02
6.727293133735656738e-02
6.717005372047424316e-02
6.706743687391281128e-02
6.696507334709167480e-02
6.686294823884963989e-02
6.676104664802551270e-02
6.665937602519989014e-02
6.655792891979217529e-02
6.645669043064117432e-02
6.635589152574539185e-02
6.625548005104064941e-02
6.615535169839859009e-02
6.605548411607742310e-02
6.595585495233535767e-02
6.585648655891418457e-02
6.575742363929748535e-02
6.565860658884048462e-02
6.555999815464019775e-02
6.546163558959960938e-02
6.536347419023513794e-02
6.526552140712738037e-02
6.516779214143753052e-02
6.507024914026260376e-02
6.497292220592498779e-02
6.487582623958587646e-02
6.477896124124526978e-02
6.468231230974197388e-02
6.458587944507598877e-02
6.448965519666671753e-02
6.439363956451416016e-02
6.429781764745712280e-02
6.420219689607620239e-02
6.410677731037139893e-02
6.401155143976211548e-02
6.391653418540954590e-02
6.382171809673309326e-02
6.372708082199096680e-02
6.363264471292495728e-02
6.353840976953506470e-02
6.344436109066009521e-02
6.335050612688064575e-02
6.325684487819671631e-02
6.316337734460830688e-02
6.307010352611541748e-02
6.297702342271804810e-02
6.288413703441619873e-02
6.279142946004867554e-02
6.269890815019607544e-02
6.260659545660018921e-02
6.251445412635803223e-02
6.242252141237258911e-02
6.233078986406326294e-02
6.223925575613975525e-02
6.214792281389236450e-02
6.205684691667556763e-02
6.196597218513488770e-02
6.187530606985092163e-02
6.178481504321098328e-02
6.169452145695686340e-02
6.160441413521766663e-02
6.151448935270309448e-02
6.142474710941314697e-02
6.133518740534782410e-02
6.124581024050712585e-02
6.115661188960075378e-02
6.106759235262870789e-02
6.097874790430068970e-02
6.089008972048759460e-02
6.080160662531852722e-02
6.071330234408378601e-02
6.062516942620277405e-02
6.053721532225608826e-02
6.044943258166313171e-02
6.036182865500450134e-02
6.027440354228019714e-02
6.018715351819992065e-02
6.010007485747337341e-02
6.001317128539085388e-02
5.992643535137176514e-02
5.983987450599670410e-02
5.975348874926567078e-02
5.966727808117866516e-02
5.958122760057449341e-02
5.949535593390464783e-02
5.940964818000793457e-02
5.932411178946495056e-02
5.923874676227569580e-02
5.915354564785957336e-02
5.906851589679718018e-02
5.898365378379821777e-02
5.889916047453880310e-02
5.881498008966445923e-02
5.873100459575653076e-02
5.864723399281501770e-02
5.856363847851753235e-02
5.848048254847526550e-02
5.839756876230239868e-02
5.831484869122505188e-02
5.823232606053352356e-02
5.814997106790542603e-02
5.806779116392135620e-02
5.798577144742012024e-02
5.790391564369201660e-02
5.782222002744674683e-02
5.774068087339401245e-02
5.765930935740470886e-02
5.757808685302734375e-02
5.749702081084251404e-02
5.741611495614051819e-02
5.733535438776016235e-02
5.725475773215293884e-02
5.717431008815765381e-02
5.709401890635490417e-02
5.701387301087379456e-02
5.693389102816581726e-02
5.685405805706977844e-02
5.677437037229537964e-02
5.669483914971351624e-02
5.661545693874359131e-02
5.653623118996620178e-02
5.645715072751045227e-02
5.637821927666664124e-02
5.629944056272506714e-02
5.622081086039543152e-02
