7.371596693992614746e-01
7.416861653327941895e-01
7.459784746170043945e-01
7.500546574592590332e-01
7.539309859275817871e-01
7.576218247413635254e-01
6.902748942375183105e-01
6.304797530174255371e-01
5.774201750755310059e-01
5.303533077239990234e-01
4.886334836483001709e-01
4.516715109348297119e-01
4.189487099647521973e-01
3.899768888950347900e-01
3.643344938755035400e-01
3.416559994220733643e-01
3.215991556644439697e-01
3.038740754127502441e-01
2.882366180419921875e-01
2.744534909725189209e-01
2.623077332973480225e-01
2.516181170940399170e-01
2.422111332416534424e-01
2.339277863502502441e-01
2.266512215137481689e-01
2.202487140893936157e-01
2.146315425634384155e-01
2.096927165985107422e-01
2.053377777338027954e-01
2.014890611171722412e-01
1.980800330638885498e-01
1.950554996728897095e-01
1.923681199550628662e-01
1.899687349796295166e-01
1.878180354833602905e-01
1.858820170164108276e-01
1.841360628604888916e-01
1.825517117977142334e-01
1.811066120862960815e-01
1.797815710306167603e-01
1.785618215799331665e-01
1.774360686540603638e-01
1.763896048069000244e-01
1.754119545221328735e-01
1.744938939809799194e-01
1.736267507076263428e-01
1.728035360574722290e-01
1.720182299613952637e-01
1.712656766176223755e-01
1.705414801836013794e-01
1.698420047760009766e-01
1.691653281450271606e-01
1.685082763433456421e-01
1.678681373596191406e-01
1.672428250312805176e-01
1.666305661201477051e-01
1.660298258066177368e-01
1.654392927885055542e-01
1.648578792810440063e-01
1.642846614122390747e-01
1.637187898159027100e-01
1.631597578525543213e-01
1.626075655221939087e-01
1.620620042085647583e-01
1.615221947431564331e-01
1.609876453876495361e-01
1.604579687118530273e-01
1.599328517913818359e-01
1.594120413064956665e-01
1.588952243328094482e-01
1.583822071552276611e-01
1.578728407621383667e-01
1.573669612407684326e-01
1.568647623062133789e-01
1.563666164875030518e-01
1.558724790811538696e-01
1.553818583488464355e-01
1.548947542905807495e-01
1.544109582901000977e-01
1.539303511381149292e-01
1.534527540206909180e-01
1.529781222343444824e-01
1.525063365697860718e-01
1.520373225212097168e-01
1.515710055828094482e-01
1.511073410511016846e-01
1.506462544202804565e-01
1.501877158880233765e-01
1.497316956520080566e-01
1.492781341075897217e-01
1.488270163536071777e-01
1.483782976865768433e-01
1.479319483041763306e-01
1.474883556365966797e-01
1.470472663640975952e-01
1.466086357831954956e-01
1.461723744869232178e-01
1.457388252019882202e-01
1.453078091144561768e-01
1.448792070150375366e-01
1.444529592990875244e-01
1.440290063619613647e-01
1.436076611280441284e-01
1.431886851787567139e-01
1.427720636129379272e-01
1.423588246107101440e-01
1.419482082128524780e-01
1.415400952100753784e-01
1.411343961954116821e-01
1.407309919595718384e-01
1.403298079967498779e-01
1.399307847023010254e-01
1.395338773727416992e-01
1.391395479440689087e-01
1.387481093406677246e-01
1.383592039346694946e-01
1.379726678133010864e-01
1.375883370637893677e-01
1.372061222791671753e-01
1.368260085582733154e-01
1.364478766918182373e-01
1.360716670751571655e-01
1.356973499059677124e-01
1.353250443935394287e-01
1.349547505378723145e-01
1.345863938331604004e-01
1.342199891805648804e-01
1.338554322719573975e-01
1.334926635026931763e-01
1.331316828727722168e-01
1.327725201845169067e-01
1.324152201414108276e-01
1.320597082376480103e-01
1.317059099674224854e-01
1.313538253307342529e-01
1.310034245252609253e-01
1.306558847427368164e-01
1.303116530179977417e-01
1.299697607755661011e-01
1.296300888061523438e-01
1.292924284934997559e-01
1.289567202329635620e-01
1.286231428384780884e-01
1.282914429903030396e-01
1.279614716768264771e-01
1.276331692934036255e-01
1.273064762353897095e-01
1.269814670085906982e-01
1.266581267118453979e-01
1.263363659381866455e-01
1.260162144899368286e-01
1.256975382566452026e-01
1.253803223371505737e-01
1.250645369291305542e-01
1.247501447796821594e-01
1.244371160864830017e-01
1.241254284977912903e-01
1.238156780600547791e-01
1.235083490610122681e-01
1.232032477855682373e-01
1.228999793529510498e-01
1.225983649492263794e-01
1.222983449697494507e-01
1.219997927546501160e-01
1.217026710510253906e-01
1.214069053530693054e-01
1.211124509572982788e-01
1.208192780613899231e-01
1.205273494124412537e-01
1.202366426587104797e-01
1.199471354484558105e-01
1.196587979793548584e-01
1.193716228008270264e-01
1.190856099128723145e-01
1.188014522194862366e-01
1.185188367962837219e-01
1.182375624775886536e-01
1.179576143622398376e-01
1.176788732409477234e-01
1.174013540148735046e-01
1.171249896287918091e-01
1.168498918414115906e-01
1.165760383009910583e-01
1.163033097982406616e-01
1.160317063331604004e-01
1.157612055540084839e-01
1.154917702078819275e-01
1.152233853936195374e-01
1.149560287594795227e-01
1.146897152066230774e-01
1.144244074821472168e-01
1.141604185104370117e-01
1.138976663351058960e-01
1.136360466480255127e-01
1.133754998445510864e-01
1.131159961223602295e-01
1.128575131297111511e-01
1.126000359654426575e-01
1.123435571789741516e-01
1.120880618691444397e-01
1.118335351347923279e-01
1.115799620747566223e-01
1.113273277878761292e-01
1.110756173729896545e-01
1.108248457312583923e-01
