-4.523091316223144531e-01 4.658030569553375244e-01
-4.296936690807342529e-01 4.434013366699218750e-01
-4.070782065391540527e-01 4.210616350173950195e-01
-3.844627439975738525e-01 3.987992405891418457e-01
-3.618472814559936523e-01 3.765961825847625732e-01
-3.392318189144134521e-01 3.545012474060058594e-01
-3.166163563728332520e-01 3.325172960758209229e-01
-2.940008938312530518e-01 3.106197118759155273e-01
-2.713854312896728516e-01 2.888429462909698486e-01
-2.487699687480926514e-01 2.672109901905059814e-01
-2.261545062065124512e-01 2.457966506481170654e-01
-2.035390436649322510e-01 2.246918082237243652e-01
-1.809235811233520508e-01 2.040455043315887451e-01
-1.583081185817718506e-01 1.840716749429702759e-01
-1.356926709413528442e-01 1.645039618015289307e-01
-1.130772009491920471e-01 1.455295979976654053e-01
-9.046173840761184692e-02 1.272256821393966675e-01
-6.784627586603164673e-02 1.099781170487403870e-01
-4.523081704974174500e-02 9.383268654346466064e-02
-2.261535450816154480e-02 7.959702610969543457e-02
1.078389004760538228e-07 6.718664616346359253e-02
2.261554263532161713e-02 5.646979063749313354e-02
4.523103311657905579e-02 4.807930067181587219e-02
6.784652173519134521e-02 4.062239825725555420e-02
9.046195447444915771e-02 3.426104038953781128e-02
1.130773872137069702e-01 2.854590117931365967e-02
1.356928795576095581e-01 2.337557077407836914e-02
1.583083719015121460e-01 1.874113082885742188e-02
1.809238046407699585e-01 1.436062157154083252e-02
2.035392373800277710e-01 1.022137701511383057e-02
2.261547297239303589e-01 6.188437342643737793e-03
2.487702220678329468e-01 2.284333109855651855e-03
2.713856399059295654e-01 -1.478046178817749023e-03
2.940010726451873779e-01 -5.174309015274047852e-03
3.166165649890899658e-01 -8.798956871032714844e-03
3.392320573329925537e-01 -1.237344741821289062e-02
3.618474900722503662e-01 -1.589596271514892578e-02
3.844629228115081787e-01 -1.939868927001953125e-02
4.070784151554107666e-01 -2.289476990699768066e-02
4.296939074993133545e-01 -2.637678384780883789e-02
4.523093402385711670e-01 -2.984750270843505859e-02
4.749247729778289795e-01 -3.331619501113891602e-02
4.975402057170867920e-01 -3.678280115127563477e-02
5.201557874679565430e-01 -4.024598002433776855e-02
5.427712202072143555e-01 -4.369974136352539062e-02
5.653866529464721680e-01 -4.714328050613403320e-02
5.880021452903747559e-01 -5.058157444000244141e-02
6.106176376342773438e-01 -5.401694774627685547e-02
6.332330703735351562e-01 -5.744624137878417969e-02
6.558485031127929688e-01 -6.086951494216918945e-02
6.784639358520507812e-01 -6.429147720336914062e-02
7.010794281959533691e-01 -6.771165132522583008e-02
7.236949205398559570e-01 -7.113152742385864258e-02
7.463103532791137695e-01 -7.454854249954223633e-02
7.689258456230163574e-01 -7.796311378479003906e-02
7.915412783622741699e-01 -8.137518167495727539e-02
8.141567111015319824e-01 -8.478724956512451172e-02
8.367722034454345703e-01 -8.819919824600219727e-02
8.593876361846923828e-01 -9.161108732223510742e-02
8.820031285285949707e-01 -9.502261877059936523e-02
9.046185612678527832e-01 -9.843099117279052734e-02
9.272339940071105957e-01 -1.018385291099548340e-01
9.498495459556579590e-01 -1.052457690238952637e-01
9.724649786949157715e-01 -1.086526513099670410e-01
9.950804114341735840e-01 -1.120591163635253906e-01
1.017695903778076172e+00 -1.154651045799255371e-01
1.040311336517333984e+00 -1.188708543777465820e-01
1.062926888465881348e+00 -1.222767233848571777e-01
1.085542321205139160e+00 -1.256825923919677734e-01
1.108157753944396973e+00 -1.290884017944335938e-01
1.130773305892944336e+00 -1.324942708015441895e-01
1.153388738632202148e+00 -1.358991861343383789e-01
1.176004171371459961e+00 -1.393038034439086914e-01
1.198619604110717773e+00 -1.427086591720581055e-01
1.221235036849975586e+00 -1.461132764816284180e-01
1.243850588798522949e+00 -1.495150327682495117e-01
1.266466021537780762e+00 -1.529166698455810547e-01
1.289081454277038574e+00 -1.563183069229125977e-01
1.311697006225585938e+00 -1.597201824188232422e-01
1.334312438964843750e+00 -1.631209850311279297e-01
1.356927871704101562e+00 -1.665174961090087891e-01
