-4.523091316223144531e-01 4.650703668594360352e-01
-4.296936690807342529e-01 4.426843225955963135e-01
-4.070782065391540527e-01 4.203613102436065674e-01
-3.844627439975738525e-01 3.981169164180755615e-01
-3.618472814559936523e-01 3.759329319000244141e-01
-3.392318189144134521e-01 3.538591265678405762e-01
-3.166163563728332520e-01 3.318985104560852051e-01
-2.940008938312530518e-01 3.100261688232421875e-01
-2.713854312896728516e-01 2.882773876190185547e-01
-2.487699687480926514e-01 2.666769027709960938e-01
-2.261545062065124512e-01 2.452996075153350830e-01
-2.035390436649322510e-01 2.242402583360671997e-01
-1.809235811233520508e-01 2.036526948213577271e-01
-1.583081185817718506e-01 1.837580353021621704e-01
-1.356926709413528442e-01 1.642826497554779053e-01
-1.130772009491920471e-01 1.454208940267562866e-01
-9.046173840761184692e-02 1.272540092468261719e-01
-6.784627586603164673e-02 1.101841479539871216e-01
-4.523081704974174500e-02 9.426206350326538086e-02
-2.261535450816154480e-02 8.033302426338195801e-02
1.078389004760538228e-07 6.831359118223190308e-02
2.261554263532161713e-02 5.807185173034667969e-02
4.523103311657905579e-02 5.027792975306510925e-02
6.784652173519134521e-02 4.346989840269088745e-02
9.046195447444915771e-02 3.782303631305694580e-02
1.130773872137069702e-01 3.286376595497131348e-02
1.356928795576095581e-01 2.848701179027557373e-02
1.583083719015121460e-01 2.468565106391906738e-02
1.809238046407699585e-01 2.115845680236816406e-02
2.035392373800277710e-01 1.789332926273345947e-02
2.261547297239303589e-01 1.474422216415405273e-02
2.487702220678329468e-01 1.173560321331024170e-02
2.713856399059295654e-01 8.881598711013793945e-03
2.940010726451873779e-01 6.099104881286621094e-03
3.166165649890899658e-01 3.394573926925659180e-03
3.392320573329925537e-01 7.421672344207763672e-04
3.618474900722503662e-01 -1.855194568634033203e-03
3.844629228115081787e-01 -4.431247711181640625e-03
4.070784151554107666e-01 -7.000356912612915039e-03
4.296939074993133545e-01 -9.554415941238403320e-03
4.523093402385711670e-01 -1.209661364555358887e-02
4.749247729778289795e-01 -1.463657617568969727e-02
4.975402057170867920e-01 -1.717430353164672852e-02
5.201557874679565430e-01 -1.970857381820678711e-02
5.427712202072143555e-01 -2.223217487335205078e-02
5.653866529464721680e-01 -2.474462985992431641e-02
5.880021452903747559e-01 -2.725166082382202148e-02
6.106176376342773438e-01 -2.975600957870483398e-02
6.332330703735351562e-01 -3.225374221801757812e-02
6.558485031127929688e-01 -3.474509716033935547e-02
6.784639358520507812e-01 -3.723537921905517578e-02
7.010794281959533691e-01 -3.972387313842773438e-02
7.236949205398559570e-01 -4.221206903457641602e-02
7.463103532791137695e-01 -4.469764232635498047e-02
7.689258456230163574e-01 -4.718112945556640625e-02
7.915412783622741699e-01 -4.966235160827636719e-02
8.141567111015319824e-01 -5.214363336563110352e-02
8.367722034454345703e-01 -5.462485551834106445e-02
8.593876361846923828e-01 -5.710583925247192383e-02
8.820031285285949707e-01 -5.958658456802368164e-02
9.046185612678527832e-01 -6.206458806991577148e-02
9.272339940071105957e-01 -6.454187631607055664e-02
9.498495459556579590e-01 -6.701898574829101562e-02
9.724649786949157715e-01 -6.949561834335327148e-02
9.950804114341735840e-01 -7.197189331054687500e-02
1.017695903778076172e+00 -7.444781064987182617e-02
1.040311336517333984e+00 -7.692366838455200195e-02
1.062926888465881348e+00 -7.939946651458740234e-02
1.085542321205139160e+00 -8.187532424926757812e-02
1.108157753944396973e+00 -8.435118198394775391e-02
1.130773305892944336e+00 -8.682692050933837891e-02
1.153388738632202148e+00 -8.930194377899169922e-02
1.176004171371459961e+00 -9.177672863006591797e-02
1.198619604110717773e+00 -9.425151348114013672e-02
1.221235036849975586e+00 -9.672629833221435547e-02
1.243850588798522949e+00 -9.919822216033935547e-02
1.266466021537780762e+00 -1.016705036163330078e-01
1.289081454277038574e+00 -1.041424274444580078e-01
1.311697006225585938e+00 -1.066145896911621094e-01
1.334312438964843750e+00 -1.090857982635498047e-01
1.356927871704101562e+00 -1.115529537200927734e-01
