-4.523091316223144531e-01 1.305267866700887680e-02
-4.296936690807342529e-01 1.328734494745731354e-02
-4.070782065391540527e-01 1.358648668974637985e-02
-3.844627439975738525e-01 1.396601367741823196e-02
-3.618472814559936523e-01 1.440733764320611954e-02
-3.392318189144134521e-01 1.496137212961912155e-02
-3.166163563728332520e-01 1.563119702041149139e-02
-2.940008938312530518e-01 1.639127731323242188e-02
-2.713854312896728516e-01 1.727776043117046356e-02
-2.487699687480926514e-01 1.831590197980403900e-02
-2.261545062065124512e-01 1.958235725760459900e-02
-2.035390436649322510e-01 2.117401361465454102e-02
-1.809235811233520508e-01 2.324822358787059784e-02
-1.583081185817718506e-01 2.603116631507873535e-02
-1.356926709413528442e-01 2.924294024705886841e-02
-1.130772009491920471e-01 3.308238834142684937e-02
-9.046173840761184692e-02 3.763256967067718506e-02
-6.784627586603164673e-02 4.330482333898544312e-02
-4.523081704974174500e-02 5.015106871724128723e-02
-2.261535450816154480e-02 5.903587490320205688e-02
1.078389004760538228e-07 6.987391412258148193e-02
2.261554263532161713e-02 8.253020793199539185e-02
4.523103311657905579e-02 9.769029170274734497e-02
6.784652173519134521e-02 1.138587668538093567e-01
9.046195447444915771e-02 1.312148869037628174e-01
1.130773872137069702e-01 1.492742896080017090e-01
1.356928795576095581e-01 1.679295748472213745e-01
1.583083719015121460e-01 1.871734112501144409e-01
1.809238046407699585e-01 2.066975980997085571e-01
2.035392373800277710e-01 2.264898419380187988e-01
2.261547297239303589e-01 2.464008331298828125e-01
2.487702220678329468e-01 2.664555311203002930e-01
2.713856399059295654e-01 2.866682410240173340e-01
2.940010726451873779e-01 3.069541454315185547e-01
3.166165649890899658e-01 3.273198604583740234e-01
3.392320573329925537e-01 3.477388620376586914e-01
3.618474900722503662e-01 3.682141304016113281e-01
3.844629228115081787e-01 3.887111544609069824e-01
4.070784151554107666e-01 4.092154502868652344e-01
4.296939074993133545e-01 4.297350049018859863e-01
4.523093402385711670e-01 4.502666592597961426e-01
4.749247729778289795e-01 4.708006381988525391e-01
4.975402057170867920e-01 4.913370013236999512e-01
5.201557874679565430e-01 5.118769407272338867e-01
5.427712202072143555e-01 5.324276089668273926e-01
5.653866529464721680e-01 5.529897212982177734e-01
5.880021452903747559e-01 5.735574364662170410e-01
6.106176376342773438e-01 5.941278338432312012e-01
6.332330703735351562e-01 6.147050857543945312e-01
6.558485031127929688e-01 6.352887153625488281e-01
6.784639358520507812e-01 6.558734774589538574e-01
7.010794281959533691e-01 6.764601469039916992e-01
7.236949205398559570e-01 6.970471143722534180e-01
7.463103532791137695e-01 7.176367640495300293e-01
7.689258456230163574e-01 7.382286190986633301e-01
7.915412783622741699e-01 7.588226199150085449e-01
8.141567111015319824e-01 7.794166207313537598e-01
8.367722034454345703e-01 8.000107407569885254e-01
8.593876361846923828e-01 8.206050395965576172e-01
8.820031285285949707e-01 8.411996960639953613e-01
9.046185612678527832e-01 8.617969751358032227e-01
9.272339940071105957e-01 8.823950886726379395e-01
9.498495459556579590e-01 9.029935002326965332e-01
9.724649786949157715e-01 9.235920906066894531e-01
9.950804114341735840e-01 9.441912770271301270e-01
1.017695903778076172e+00 9.647908806800842285e-01
1.040311336517333984e+00 9.853902459144592285e-01
1.062926888465881348e+00 1.005990028381347656e+00
1.085542321205139160e+00 1.026589632034301758e+00
1.108157753944396973e+00 1.047189235687255859e+00
1.130773305892944336e+00 1.067788839340209961e+00
1.153388738632202148e+00 1.088389396667480469e+00
1.176004171371459961e+00 1.108990073204040527e+00
1.198619604110717773e+00 1.129590749740600586e+00
1.221235036849975586e+00 1.150191426277160645e+00
1.243850588798522949e+00 1.170794844627380371e+00
1.266466021537780762e+00 1.191398262977600098e+00
1.289081454277038574e+00 1.212001681327819824e+00
1.311697006225585938e+00 1.232605338096618652e+00
1.334312438964843750e+00 1.253209590911865234e+00
1.356927871704101562e+00 1.273817896842956543e+00
