-4.523091316223144531e-01 1.276122685521841049e-02
-4.296936690807342529e-01 1.299065165221691132e-02
-4.070782065391540527e-01 1.328311394900083542e-02
-3.844627439975738525e-01 1.365416683256626129e-02
-3.618472814559936523e-01 1.408563833683729172e-02
-3.392318189144134521e-01 1.462730020284652710e-02
-3.166163563728332520e-01 1.528216712176799774e-02
-2.940008938312530518e-01 1.602527685463428497e-02
-2.713854312896728516e-01 1.689196564257144928e-02
-2.487699687480926514e-01 1.790692657232284546e-02
-2.261545062065124512e-01 1.914510503411293030e-02
-2.035390436649322510e-01 2.070121839642524719e-02
-1.809235811233520508e-01 2.272911369800567627e-02
-1.583081185817718506e-01 2.544991672039031982e-02
-1.356926709413528442e-01 2.858997695147991180e-02
-1.130772009491920471e-01 3.234368935227394104e-02
-9.046173840761184692e-02 3.679227083921432495e-02
-6.784627586603164673e-02 4.233787208795547485e-02
-4.523081704974174500e-02 4.903124645352363586e-02
-2.261535450816154480e-02 5.771766975522041321e-02
1.078389004760538228e-07 6.831369549036026001e-02
2.261554263532161713e-02 8.068739622831344604e-02
4.523103311657905579e-02 9.550896286964416504e-02
6.784652173519134521e-02 1.113164201378822327e-01
9.046195447444915771e-02 1.282849907875061035e-01
1.130773872137069702e-01 1.459411531686782837e-01
1.356928795576095581e-01 1.641798913478851318e-01
1.583083719015121460e-01 1.829940229654312134e-01
1.809238046407699585e-01 2.020822614431381226e-01
2.035392373800277710e-01 2.214325666427612305e-01
2.261547297239303589e-01 2.408989518880844116e-01
2.487702220678329468e-01 2.605058252811431885e-01
2.713856399059295654e-01 2.802672386169433594e-01
2.940010726451873779e-01 3.001001775264739990e-01
3.166165649890899658e-01 3.200111389160156250e-01
3.392320573329925537e-01 3.399742245674133301e-01
3.618474900722503662e-01 3.599922955036163330e-01
3.844629228115081787e-01 3.800316751003265381e-01
4.070784151554107666e-01 4.000780582427978516e-01
4.296939074993133545e-01 4.201394915580749512e-01
4.523093402385711670e-01 4.402127265930175781e-01
4.749247729778289795e-01 4.602881968021392822e-01
4.975402057170867920e-01 4.803659021854400635e-01
5.201557874679565430e-01 5.004472136497497559e-01
5.427712202072143555e-01 5.205390453338623047e-01
5.653866529464721680e-01 5.406420230865478516e-01
5.880021452903747559e-01 5.607504844665527344e-01
6.106176376342773438e-01 5.808616280555725098e-01
6.332330703735351562e-01 6.009793281555175781e-01
6.558485031127929688e-01 6.211034059524536133e-01
6.784639358520507812e-01 6.412285566329956055e-01
7.010794281959533691e-01 6.613555550575256348e-01
7.236949205398559570e-01 6.814828515052795410e-01
7.463103532791137695e-01 7.016127109527587891e-01
7.689258456230163574e-01 7.217447161674499512e-01
7.915412783622741699e-01 7.418789267539978027e-01
8.141567111015319824e-01 7.620130777359008789e-01
8.367722034454345703e-01 7.821473479270935059e-01
8.593876361846923828e-01 8.022817969322204590e-01
8.820031285285949707e-01 8.224165439605712891e-01
9.046185612678527832e-01 8.425539731979370117e-01
9.272339940071105957e-01 8.626921176910400391e-01
9.498495459556579590e-01 8.828305602073669434e-01
9.724649786949157715e-01 9.029693603515625000e-01
9.950804114341735840e-01 9.231085181236267090e-01
1.017695903778076172e+00 9.432480931282043457e-01
1.040311336517333984e+00 9.633876681327819824e-01
1.062926888465881348e+00 9.835274219512939453e-01
1.085542321205139160e+00 1.003666996955871582e+00
1.108157753944396973e+00 1.023806571960449219e+00
1.130773305892944336e+00 1.043946385383605957e+00
1.153388738632202148e+00 1.064086794853210449e+00
1.176004171371459961e+00 1.084227442741394043e+00
1.198619604110717773e+00 1.104368090629577637e+00
1.221235036849975586e+00 1.124508738517761230e+00
1.243850588798522949e+00 1.144652366638183594e+00
1.266466021537780762e+00 1.164795517921447754e+00
1.289081454277038574e+00 1.184939026832580566e+00
1.311697006225585938e+00 1.205082416534423828e+00
1.334312438964843750e+00 1.225226640701293945e+00
1.356927871704101562e+00 1.245374917984008789e+00
