-4.523091316223144531e-01 1.089536398649215698e-02
-4.296936690807342529e-01 1.109124440699815750e-02
-4.070782065391540527e-01 1.134094409644603729e-02
-3.844627439975738525e-01 1.165774371474981308e-02
-3.618472814559936523e-01 1.202612835913896561e-02
-3.392318189144134521e-01 1.248859241604804993e-02
-3.166163563728332520e-01 1.304770912975072861e-02
-2.940008938312530518e-01 1.368216611444950104e-02
-2.713854312896728516e-01 1.442213356494903564e-02
-2.487699687480926514e-01 1.528869196772575378e-02
-2.261545062065124512e-01 1.634583249688148499e-02
-2.035390436649322510e-01 1.767442189157009125e-02
-1.809235811233520508e-01 1.940581202507019043e-02
-1.583081185817718506e-01 2.172879688441753387e-02
-1.356926709413528442e-01 2.440973557531833649e-02
-1.130772009491920471e-01 2.761460840702056885e-02
-9.046173840761184692e-02 3.141274303197860718e-02
-6.784627586603164673e-02 3.614750504493713379e-02
-4.523081704974174500e-02 4.186221957206726074e-02
-2.261535450816154480e-02 4.927856102585792542e-02
1.078389004760538228e-07 5.832531675696372986e-02
2.261554263532161713e-02 6.888981163501739502e-02
4.523103311657905579e-02 8.154426515102386475e-02
6.784652173519134521e-02 9.504045546054840088e-02
9.046195447444915771e-02 1.095279976725578308e-01
1.130773872137069702e-01 1.246025934815406799e-01
1.356928795576095581e-01 1.401745826005935669e-01
1.583083719015121460e-01 1.562378406524658203e-01
1.809238046407699585e-01 1.725351065397262573e-01
2.035392373800277710e-01 1.890561580657958984e-01
2.261547297239303589e-01 2.056762874126434326e-01
2.487702220678329468e-01 2.224164009094238281e-01
2.713856399059295654e-01 2.392883747816085815e-01
2.940010726451873779e-01 2.562215030193328857e-01
3.166165649890899658e-01 2.732212245464324951e-01
3.392320573329925537e-01 2.902654111385345459e-01
3.618474900722503662e-01 3.073565661907196045e-01
3.844629228115081787e-01 3.244659006595611572e-01
4.070784151554107666e-01 3.415812849998474121e-01
4.296939074993133545e-01 3.587093949317932129e-01
4.523093402385711670e-01 3.758476972579956055e-01
4.749247729778289795e-01 3.929878771305084229e-01
4.975402057170867920e-01 4.101299643516540527e-01
5.201557874679565430e-01 4.272751808166503906e-01
5.427712202072143555e-01 4.444292485713958740e-01
5.653866529464721680e-01 4.615928828716278076e-01
5.880021452903747559e-01 4.787611961364746094e-01
6.106176376342773438e-01 4.959318041801452637e-01
6.332330703735351562e-01 5.131080746650695801e-01
6.558485031127929688e-01 5.302897095680236816e-01
6.784639358520507812e-01 5.474722981452941895e-01
7.010794281959533691e-01 5.646564364433288574e-01
7.236949205398559570e-01 5.818408727645874023e-01
7.463103532791137695e-01 5.990274548530578613e-01
7.689258456230163574e-01 6.162159442901611328e-01
7.915412783622741699e-01 6.334062218666076660e-01
8.141567111015319824e-01 6.505963802337646484e-01
8.367722034454345703e-01 6.677868962287902832e-01
8.593876361846923828e-01 6.849774122238159180e-01
8.820031285285949707e-01 7.021682262420654297e-01
9.046185612678527832e-01 7.193612456321716309e-01
9.272339940071105957e-01 7.365549206733703613e-01
9.498495459556579590e-01 7.537488937377929688e-01
9.724649786949157715e-01 7.709430456161499023e-01
9.950804114341735840e-01 7.881375551223754883e-01
1.017695903778076172e+00 8.053324818611145020e-01
1.040311336517333984e+00 8.225274682044982910e-01
1.062926888465881348e+00 8.397224545478820801e-01
1.085542321205139160e+00 8.569173812866210938e-01
1.108157753944396973e+00 8.741123080253601074e-01
1.130773305892944336e+00 8.913074135780334473e-01
1.153388738632202148e+00 9.085029363632202148e-01
1.176004171371459961e+00 9.256986975669860840e-01
1.198619604110717773e+00 9.428945779800415039e-01
1.221235036849975586e+00 9.600905776023864746e-01
1.243850588798522949e+00 9.772887229919433594e-01
1.266466021537780762e+00 9.944868683815002441e-01
1.289081454277038574e+00 1.011685013771057129e+00
1.311697006225585938e+00 1.028883218765258789e+00
1.334312438964843750e+00 1.046082019805908203e+00
1.356927871704101562e+00 1.063284277915954590e+00
