-4.523091316223144531e-01 4.632045030593872070e-01
-4.296936690807342529e-01 4.407849013805389404e-01
-4.070782065391540527e-01 4.184191524982452393e-01
-3.844627439975738525e-01 3.961204886436462402e-01
-3.618472814559936523e-01 3.738734126091003418e-01
-3.392318189144134521e-01 3.517204225063323975e-01
-3.166163563728332520e-01 3.296640515327453613e-01
-2.940008938312530518e-01 3.076830506324768066e-01
-2.713854312896728516e-01 2.858075499534606934e-01
-2.487699687480926514e-01 2.640586495399475098e-01
-2.261545062065124512e-01 2.425003349781036377e-01
-2.035390436649322510e-01 2.212134599685668945e-01
-1.809235811233520508e-01 2.003293931484222412e-01
-1.583081185817718506e-01 1.800369173288345337e-01
-1.356926709413528442e-01 1.601024121046066284e-01
-1.130772009491920471e-01 1.406918168067932129e-01
-9.046173840761184692e-02 1.218744814395904541e-01
-6.784627586603164673e-02 1.039937809109687805e-01
-4.523081704974174500e-02 8.709304034709930420e-02
-2.261535450816154480e-02 7.189391553401947021e-02
1.078389004760538228e-07 5.832520872354507446e-02
2.261554263532161713e-02 4.627426713705062866e-02
4.523103311657905579e-02 3.631323203444480896e-02
6.784652173519134521e-02 2.719393372535705566e-02
9.046195447444915771e-02 1.906604319810867310e-02
1.130773872137069702e-01 1.152520626783370972e-02
1.356928795576095581e-01 4.481703042984008789e-03
1.583083719015121460e-01 -2.070531249046325684e-03
1.809238046407699585e-01 -8.388698101043701172e-03
2.035392373800277710e-01 -1.448307931423187256e-02
2.261547297239303589e-01 -2.047844231128692627e-02
2.487702220678329468e-01 -2.635382115840911865e-02
2.713856399059295654e-01 -3.209726512432098389e-02
2.940010726451873779e-01 -3.777956962585449219e-02
3.166165649890899658e-01 -4.339534044265747070e-02
3.392320573329925537e-01 -4.896664619445800781e-02
3.618474900722503662e-01 -5.449092388153076172e-02
3.844629228115081787e-01 -5.999702215194702148e-02
4.070784151554107666e-01 -6.549713015556335449e-02
4.296939074993133545e-01 -7.098451256752014160e-02
4.523093402385711670e-01 -7.646164298057556152e-02
4.749247729778289795e-01 -8.193689584732055664e-02
4.975402057170867920e-01 -8.741024136543273926e-02
5.201557874679565430e-01 -9.288060665130615234e-02
5.427712202072143555e-01 -9.834197163581848145e-02
5.653866529464721680e-01 -1.037937700748443604e-01
5.880021452903747559e-01 -1.092409491539001465e-01
6.106176376342773438e-01 -1.146858334541320801e-01
6.332330703735351562e-01 -1.201249957084655762e-01
6.558485031127929688e-01 -1.255587935447692871e-01
6.784639358520507812e-01 -1.309916377067565918e-01
7.010794281959533691e-01 -1.364229917526245117e-01
7.236949205398559570e-01 -1.418540477752685547e-01
7.463103532791137695e-01 -1.472828984260559082e-01
7.689258456230163574e-01 -1.527099013328552246e-01
7.915412783622741699e-01 -1.581350564956665039e-01
8.141567111015319824e-01 -1.635603308677673340e-01
8.367722034454345703e-01 -1.689853072166442871e-01
8.593876361846923828e-01 -1.744102239608764648e-01
8.820031285285949707e-01 -1.798349022865295410e-01
9.046185612678527832e-01 -1.852573156356811523e-01
9.272339940071105957e-01 -1.906790733337402344e-01
9.498495459556579590e-01 -1.961006522178649902e-01
9.724649786949157715e-01 -2.015219330787658691e-01
9.950804114341735840e-01 -2.069428563117980957e-01
1.017695903778076172e+00 -2.123634219169616699e-01
1.040311336517333984e+00 -2.177838683128356934e-01
1.062926888465881348e+00 -2.232044339179992676e-01
1.085542321205139160e+00 -2.286249399185180664e-01
1.108157753944396973e+00 -2.340454459190368652e-01
1.130773305892944336e+00 -2.394658923149108887e-01
1.153388738632202148e+00 -2.448858022689819336e-01
1.176004171371459961e+00 -2.503054738044738770e-01
1.198619604110717773e+00 -2.557250261306762695e-01
1.221235036849975586e+00 -2.611444592475891113e-01
1.243850588798522949e+00 -2.665618658065795898e-01
1.266466021537780762e+00 -2.719791531562805176e-01
1.289081454277038574e+00 -2.773964405059814453e-01
1.311697006225585938e+00 -2.828137874603271484e-01
1.334312438964843750e+00 -2.882304191589355469e-01
1.356927871704101562e+00 -2.936435937881469727e-01
