-4.523091316223144531e-01 4.642344713211059570e-01
-4.296936690807342529e-01 4.418334066867828369e-01
-4.070782065391540527e-01 4.194912612438201904e-01
-3.844627439975738525e-01 3.972225189208984375e-01
-3.618472814559936523e-01 3.750102818012237549e-01
-3.392318189144134521e-01 3.529010117053985596e-01
-3.166163563728332520e-01 3.308975100517272949e-01
-2.940008938312530518e-01 3.089764714241027832e-01
-2.713854312896728516e-01 2.871709465980529785e-01
-2.487699687480926514e-01 2.655039429664611816e-01
-2.261545062065124512e-01 2.440455555915832520e-01
-2.035390436649322510e-01 2.228842824697494507e-01
-1.809235811233520508e-01 2.021638900041580200e-01
-1.583081185817718506e-01 1.820910125970840454e-01
-1.356926709413528442e-01 1.624099463224411011e-01
-1.130772009491920471e-01 1.433023065328598022e-01
-9.046173840761184692e-02 1.248440369963645935e-01
-6.784627586603164673e-02 1.074109226465225220e-01
-4.523081704974174500e-02 9.105040132999420166e-02
-2.261535450816154480e-02 7.655239105224609375e-02
1.078389004760538228e-07 6.383889168500900269e-02
2.261554263532161713e-02 5.278664827346801758e-02
4.523103311657905579e-02 4.402187839150428772e-02
6.784652173519134521e-02 3.617841005325317383e-02
9.046195447444915771e-02 2.942008525133132935e-02
1.130773872137069702e-01 2.330428361892700195e-02
1.356928795576095581e-01 1.773287355899810791e-02
1.583083719015121460e-01 1.269912719726562500e-02
1.809238046407699585e-01 7.921621203422546387e-03
2.035392373800277710e-01 3.389000892639160156e-03
2.261547297239303589e-01 -1.035198569297790527e-03
2.487702220678329468e-01 -5.328088998794555664e-03
2.713856399059295654e-01 -9.476542472839355469e-03
2.940010726451873779e-01 -1.355811953544616699e-02
3.166165649890899658e-01 -1.756685972213745117e-02
3.392320573329925537e-01 -2.152690291404724121e-02
3.618474900722503662e-01 -2.543550729751586914e-02
3.844629228115081787e-01 -2.932420372962951660e-02
4.070784151554107666e-01 -3.320637345314025879e-02
4.296939074993133545e-01 -3.707453608512878418e-02
4.523093402385711670e-01 -4.093155264854431152e-02
4.749247729778289795e-01 -4.478654265403747559e-02
4.975402057170867920e-01 -4.863929748535156250e-02
5.201557874679565430e-01 -5.248889327049255371e-02
5.427712202072143555e-01 -5.632859468460083008e-02
5.653866529464721680e-01 -6.015783548355102539e-02
5.880021452903747559e-01 -6.398200988769531250e-02
6.106176376342773438e-01 -6.780374050140380859e-02
6.332330703735351562e-01 -7.161921262741088867e-02
6.558485031127929688e-01 -7.542872428894042969e-02
6.784639358520507812e-01 -7.923728227615356445e-02
7.010794281959533691e-01 -8.304423093795776367e-02
7.236949205398559570e-01 -8.685076236724853516e-02
7.463103532791137695e-01 -9.065485000610351562e-02
7.689258456230163574e-01 -9.445697069168090820e-02
7.915412783622741699e-01 -9.825712442398071289e-02
8.141567111015319824e-01 -1.020572185516357422e-01
8.367722034454345703e-01 -1.058571934700012207e-01
8.593876361846923828e-01 -1.096571087837219238e-01
8.820031285285949707e-01 -1.134566664695739746e-01
9.046185612678527832e-01 -1.172537803649902344e-01
9.272339940071105957e-01 -1.210501194000244141e-01
9.498495459556579590e-01 -1.248463392257690430e-01
9.724649786949157715e-01 -1.286421418190002441e-01
9.950804114341735840e-01 -1.324376463890075684e-01
1.017695903778076172e+00 -1.362326741218566895e-01
1.040311336517333984e+00 -1.400277614593505859e-01
1.062926888465881348e+00 -1.438227295875549316e-01
1.085542321205139160e+00 -1.476178169250488281e-01
1.108157753944396973e+00 -1.514127254486083984e-01
1.130773305892944336e+00 -1.552078127861022949e-01
1.153388738632202148e+00 -1.590020060539245605e-01
1.176004171371459961e+00 -1.627960205078125000e-01
1.198619604110717773e+00 -1.665900945663452148e-01
1.221235036849975586e+00 -1.703839302062988281e-01
1.243850588798522949e+00 -1.741756200790405273e-01
1.266466021537780762e+00 -1.779670715332031250e-01
1.289081454277038574e+00 -1.817586421966552734e-01
1.311697006225585938e+00 -1.855500936508178711e-01
1.334312438964843750e+00 -1.893408298492431641e-01
1.356927871704101562e+00 -1.931278705596923828e-01
