-4.523091316223144531e-01 4.647854268550872803e-01
-4.296936690807342529e-01 4.423942565917968750e-01
-4.070782065391540527e-01 4.200647175312042236e-01
-3.844627439975738525e-01 3.978120386600494385e-01
-3.618472814559936523e-01 3.756183981895446777e-01
-3.392318189144134521e-01 3.535324931144714355e-01
-3.166163563728332520e-01 3.315573036670684814e-01
-2.940008938312530518e-01 3.096683323383331299e-01
-2.713854312896728516e-01 2.879002094268798828e-01
-2.487699687480926514e-01 2.662770450115203857e-01
-2.261545062065124512e-01 2.448721230030059814e-01
-2.035390436649322510e-01 2.237780243158340454e-01
-1.809235811233520508e-01 2.031451761722564697e-01
-1.583081185817718506e-01 1.831897646188735962e-01
-1.356926709413528442e-01 1.636442691087722778e-01
-1.130772009491920471e-01 1.446986943483352661e-01
-9.046173840761184692e-02 1.264324784278869629e-01
-6.784627586603164673e-02 1.092387884855270386e-01
-4.523081704974174500e-02 9.316724538803100586e-02
-2.261535450816154480e-02 7.904424518346786499e-02
1.078389004760538228e-07 6.678821891546249390e-02
2.261554263532161713e-02 5.627018213272094727e-02
4.523103311657905579e-02 4.814531281590461731e-02
6.784652173519134521e-02 4.098432511091232300e-02
9.046195447444915771e-02 3.495857119560241699e-02
1.130773872137069702e-01 2.960504591464996338e-02
1.356928795576095581e-01 2.482104301452636719e-02
1.583083719015121460e-01 2.059958875179290771e-02
1.809238046407699585e-01 1.664617657661437988e-02
2.035392373800277710e-01 1.294897496700286865e-02
2.261547297239303589e-01 9.365215897560119629e-03
2.487702220678329468e-01 5.918785929679870605e-03
2.713856399059295654e-01 2.623528242111206055e-03
2.940010726451873779e-01 -6.017982959747314453e-04
3.166165649890899658e-01 -3.750920295715332031e-03
3.392320573329925537e-01 -6.849110126495361328e-03
3.618474900722503662e-01 -9.893447160720825195e-03
3.844629228115081787e-01 -1.291698217391967773e-02
4.070784151554107666e-01 -1.593366265296936035e-02
4.296939074993133545e-01 -1.893571019172668457e-02
4.523093402385711670e-01 -2.192613482475280762e-02
4.749247729778289795e-01 -2.491435408592224121e-02
4.975402057170867920e-01 -2.790033817291259766e-02
5.201557874679565430e-01 -3.088298439979553223e-02
5.427712202072143555e-01 -3.385525941848754883e-02
5.653866529464721680e-01 -3.681653738021850586e-02
5.880021452903747559e-01 -3.977262973785400391e-02
6.106176376342773438e-01 -4.272609949111938477e-02
6.332330703735351562e-01 -4.567295312881469727e-02
6.558485031127929688e-01 -4.861366748809814453e-02
6.784639358520507812e-01 -5.155336856842041016e-02
7.010794281959533691e-01 -5.449128150939941406e-02
7.236949205398559570e-01 -5.742889642715454102e-02
7.463103532791137695e-01 -6.036394834518432617e-02
7.689258456230163574e-01 -6.329685449600219727e-02
7.915412783622741699e-01 -6.622773408889770508e-02
8.141567111015319824e-01 -6.915855407714843750e-02
8.367722034454345703e-01 -7.208931446075439453e-02
8.593876361846923828e-01 -7.502001523971557617e-02
8.820031285285949707e-01 -7.795023918151855469e-02
9.046185612678527832e-01 -8.087795972824096680e-02
9.272339940071105957e-01 -8.380484580993652344e-02
9.498495459556579590e-01 -8.673155307769775391e-02
9.724649786949157715e-01 -8.965802192687988281e-02
9.950804114341735840e-01 -9.258401393890380859e-02
1.017695903778076172e+00 -9.550958871841430664e-02
1.040311336517333984e+00 -9.843516349792480469e-02
1.062926888465881348e+00 -1.013604998588562012e-01
1.085542321205139160e+00 -1.042861938476562500e-01
1.108157753944396973e+00 -1.072115898132324219e-01
1.130773305892944336e+00 -1.101372241973876953e-01
1.153388738632202148e+00 -1.130619049072265625e-01
1.176004171371459961e+00 -1.159863471984863281e-01
1.198619604110717773e+00 -1.189110279083251953e-01
1.221235036849975586e+00 -1.218353509902954102e-01
1.243850588798522949e+00 -1.247571706771850586e-01
1.266466021537780762e+00 -1.276789903640747070e-01
1.289081454277038574e+00 -1.306009292602539062e-01
1.311697006225585938e+00 -1.335227489471435547e-01
1.334312438964843750e+00 -1.364437341690063477e-01
1.356927871704101562e+00 -1.393609046936035156e-01
