-4.523091316223144531e-01 4.653618037700653076e-01
-4.296936690807342529e-01 4.429810047149658203e-01
-4.070782065391540527e-01 4.206646978855133057e-01
-3.844627439975738525e-01 3.984287679195404053e-01
-3.618472814559936523e-01 3.762546181678771973e-01
-3.392318189144134521e-01 3.541931807994842529e-01
-3.166163563728332520e-01 3.322475552558898926e-01
-2.940008938312530518e-01 3.103921711444854736e-01
-2.713854312896728516e-01 2.886631786823272705e-01
-2.487699687480926514e-01 2.670858800411224365e-01
-2.261545062065124512e-01 2.457368671894073486e-01
-2.035390436649322510e-01 2.247130572795867920e-01
-1.809235811233520508e-01 2.041718065738677979e-01
-1.583081185817718506e-01 1.843392848968505859e-01
-1.356926709413528442e-01 1.649356186389923096e-01
-1.130772009491920471e-01 1.461595892906188965e-01
-9.046173840761184692e-02 1.280943155288696289e-01
-6.784627586603164673e-02 1.111510992050170898e-01
-4.523081704974174500e-02 9.538188576698303223e-02
-2.261535450816154480e-02 8.165122568607330322e-02
1.078389004760538228e-07 6.987380981445312500e-02
2.261554263532161713e-02 5.991466343402862549e-02
4.523103311657905579e-02 5.245925858616828918e-02
6.784652173519134521e-02 4.601224511861801147e-02
9.046195447444915771e-02 4.075293242931365967e-02
1.130773872137069702e-01 3.619690239429473877e-02
1.356928795576095581e-01 3.223669528961181641e-02
1.583083719015121460e-01 2.886503934860229492e-02
1.809238046407699585e-01 2.577379345893859863e-02
2.035392373800277710e-01 2.295060455799102783e-02
2.261547297239303589e-01 2.024610340595245361e-02
2.487702220678329468e-01 1.768530905246734619e-02
2.713856399059295654e-01 1.528260111808776855e-02
2.940010726451873779e-01 1.295307278633117676e-02
3.166165649890899658e-01 1.070329546928405762e-02
3.392320573329925537e-01 8.506804704666137695e-03
3.618474900722503662e-01 6.366640329360961914e-03
3.844629228115081787e-01 4.248231649398803711e-03
4.070784151554107666e-01 2.137035131454467773e-03
4.296939074993133545e-01 4.109740257263183594e-05
4.523093402385711670e-01 -2.042680978775024414e-03
4.749247729778289795e-01 -4.124134778976440430e-03
4.975402057170867920e-01 -6.203204393386840820e-03
5.201557874679565430e-01 -8.278846740722656250e-03
5.427712202072143555e-01 -1.034361124038696289e-02
5.653866529464721680e-01 -1.239693164825439453e-02
5.880021452903747559e-01 -1.444470882415771484e-02
6.106176376342773438e-01 -1.648980379104614258e-02
6.332330703735351562e-01 -1.852798461914062500e-02
6.558485031127929688e-01 -2.055978775024414062e-02
6.784639358520507812e-01 -2.259045839309692383e-02
7.010794281959533691e-01 -2.461928129196166992e-02
7.236949205398559570e-01 -2.664780616760253906e-02
7.463103532791137695e-01 -2.867358922958374023e-02
7.689258456230163574e-01 -3.069722652435302734e-02
7.915412783622741699e-01 -3.271865844726562500e-02
8.141567111015319824e-01 -3.474009037017822266e-02
8.367722034454345703e-01 -3.676146268844604492e-02
8.593876361846923828e-01 -3.878259658813476562e-02
8.820031285285949707e-01 -4.080343246459960938e-02
9.046185612678527832e-01 -4.282158613204956055e-02
9.272339940071105957e-01 -4.483890533447265625e-02
9.498495459556579590e-01 -4.685604572296142578e-02
9.724649786949157715e-01 -4.887288808822631836e-02
9.950804114341735840e-01 -5.088913440704345703e-02
1.017695903778076172e+00 -5.290502309799194336e-02
1.040311336517333984e+00 -5.492109060287475586e-02
1.062926888465881348e+00 -5.693686008453369141e-02
1.085542321205139160e+00 -5.895268917083740234e-02
1.108157753944396973e+00 -6.096851825714111328e-02
1.130773305892944336e+00 -6.298446655273437500e-02
1.153388738632202148e+00 -6.499934196472167969e-02
1.176004171371459961e+00 -6.701409816741943359e-02
1.198619604110717773e+00 -6.902885437011718750e-02
1.221235036849975586e+00 -7.104361057281494141e-02
1.243850588798522949e+00 -7.305574417114257812e-02
1.266466021537780762e+00 -7.506775856018066406e-02
1.289081454277038574e+00 -7.707977294921875000e-02
1.311697006225585938e+00 -7.909166812896728516e-02
1.334312438964843750e+00 -8.110284805297851562e-02
1.356927871704101562e+00 -8.310997486114501953e-02
