-4.523091316223144531e-01 1.192533783614635468e-02
-4.296936690807342529e-01 1.213973481208086014e-02
-4.070782065391540527e-01 1.241304073482751846e-02
-3.844627439975738525e-01 1.275978982448577881e-02
-3.618472814559936523e-01 1.316299755126237869e-02
-3.392318189144134521e-01 1.366917882114648819e-02
-3.166163563728332520e-01 1.428115274757146835e-02
-2.940008938312530518e-01 1.497558504343032837e-02
-2.713854312896728516e-01 1.578550599515438080e-02
-2.487699687480926514e-01 1.673398166894912720e-02
-2.261545062065124512e-01 1.789105683565139771e-02
-2.035390436649322510e-01 1.934524253010749817e-02
-1.809235811233520508e-01 2.124030701816082001e-02
-1.583081185817718506e-01 2.378289215266704559e-02
-1.356926709413528442e-01 2.671726979315280914e-02
-1.130772009491920471e-01 3.022511117160320282e-02
-9.046173840761184692e-02 3.438229858875274658e-02
-6.784627586603164673e-02 3.956464678049087524e-02
-4.523081704974174500e-02 4.581958800554275513e-02
-2.261535450816154480e-02 5.393703281879425049e-02
1.078389004760538228e-07 6.383899599313735962e-02
2.261554263532161713e-02 7.540219277143478394e-02
4.523103311657905579e-02 8.925291150808334351e-02
6.784652173519134521e-02 1.040249317884445190e-01
9.046195447444915771e-02 1.198820397257804871e-01
1.130773872137069702e-01 1.363816708326339722e-01
1.356928795576095581e-01 1.534257531166076660e-01
1.583083719015121460e-01 1.710074990987777710e-01
1.809238046407699585e-01 1.888454258441925049e-01
2.035392373800277710e-01 2.069282382726669312e-01
2.261547297239303589e-01 2.251195311546325684e-01
2.487702220678329468e-01 2.434421330690383911e-01
2.713856399059295654e-01 2.619090974330902100e-01
2.940010726451873779e-01 2.804429531097412109e-01
3.166165649890899658e-01 2.990497052669525146e-01
3.392320573329925537e-01 3.177051544189453125e-01
3.618474900722503662e-01 3.364119827747344971e-01
3.844629228115081787e-01 3.551387190818786621e-01
4.070784151554107666e-01 3.738720417022705078e-01
4.296939074993133545e-01 3.926193714141845703e-01
4.523093402385711670e-01 4.113777875900268555e-01
4.749247729778289795e-01 4.301382303237915039e-01
4.975402057170867920e-01 4.489009082317352295e-01
5.201557874679565430e-01 4.676668941974639893e-01
5.427712202072143555e-01 4.864426255226135254e-01
5.653866529464721680e-01 5.052288174629211426e-01
5.880021452903747559e-01 5.240201354026794434e-01
6.106176376342773438e-01 5.428138971328735352e-01
6.332330703735351562e-01 5.616138577461242676e-01
6.558485031127929688e-01 5.804197788238525391e-01
6.784639358520507812e-01 5.992266535758972168e-01
7.010794281959533691e-01 6.180351972579956055e-01
7.236949205398559570e-01 6.368441581726074219e-01
7.463103532791137695e-01 6.556555032730102539e-01
7.689258456230163574e-01 6.744688749313354492e-01
7.915412783622741699e-01 6.932841539382934570e-01
8.141567111015319824e-01 7.120994925498962402e-01
8.367722034454345703e-01 7.309150099754333496e-01
8.593876361846923828e-01 7.497305274009704590e-01
8.820031285285949707e-01 7.685464620590209961e-01
9.046185612678527832e-01 7.873647809028625488e-01
9.272339940071105957e-01 8.061838746070861816e-01
9.498495459556579590e-01 8.250032067298889160e-01
9.724649786949157715e-01 8.438228368759155273e-01
9.950804114341735840e-01 8.626427650451660156e-01
1.017695903778076172e+00 8.814632296562194824e-01
1.040311336517333984e+00 9.002835750579833984e-01
1.062926888465881348e+00 9.191041588783264160e-01
1.085542321205139160e+00 9.379245042800903320e-01
1.108157753944396973e+00 9.567450284957885742e-01
1.130773305892944336e+00 9.755654931068420410e-01
1.153388738632202148e+00 9.943867325782775879e-01
1.176004171371459961e+00 1.013208150863647461e+00
1.198619604110717773e+00 1.032029509544372559e+00
1.221235036849975586e+00 1.050851106643676758e+00
1.243850588798522949e+00 1.069674968719482422e+00
1.266466021537780762e+00 1.088498950004577637e+00
1.289081454277038574e+00 1.107322812080383301e+00
1.311697006225585938e+00 1.126146912574768066e+00
1.334312438964843750e+00 1.144971609115600586e+00
1.356927871704101562e+00 1.163800001144409180e+00
