-4.523091316223144531e-01 1.247628219425678253e-02
-4.296936690807342529e-01 1.270058471709489822e-02
-4.070782065391540527e-01 1.298651657998561859e-02
-3.844627439975738525e-01 1.334928441792726517e-02
-3.618472814559936523e-01 1.377112139016389847e-02
-3.392318189144134521e-01 1.430068723857402802e-02
-3.166163563728332520e-01 1.494093332439661026e-02
-2.940008938312530518e-01 1.566744968295097351e-02
-2.713854312896728516e-01 1.651478558778762817e-02
-2.487699687480926514e-01 1.750708185136318207e-02
-2.261545062065124512e-01 1.871761307120323181e-02
-2.035390436649322510e-01 2.023898251354694366e-02
-1.809235811233520508e-01 2.222159691154956818e-02
-1.583081185817718506e-01 2.488164789974689484e-02
-1.356926709413528442e-01 2.795159257948398590e-02
-1.130772009491920471e-01 3.162149339914321899e-02
-9.046173840761184692e-02 3.597073629498481750e-02
-6.784627586603164673e-02 4.139251261949539185e-02
-4.523081704974174500e-02 4.793642833828926086e-02
-2.261535450816154480e-02 5.642889067530632019e-02
1.078389004760538228e-07 6.678832322359085083e-02
2.261554263532161713e-02 7.888572663068771362e-02
4.523103311657905579e-02 9.337634593248367310e-02
6.784652173519134521e-02 1.088308468461036682e-01
9.046195447444915771e-02 1.254205256700515747e-01
1.130773872137069702e-01 1.426824331283569336e-01
1.356928795576095581e-01 1.605139225721359253e-01
1.583083719015121460e-01 1.789079606533050537e-01
1.809238046407699585e-01 1.975699812173843384e-01
2.035392373800277710e-01 2.164882123470306396e-01
2.261547297239303589e-01 2.355199456214904785e-01
2.487702220678329468e-01 2.546890079975128174e-01
2.713856399059295654e-01 2.740091681480407715e-01
2.940010726451873779e-01 2.933992743492126465e-01
3.166165649890899658e-01 3.128656446933746338e-01
3.392320573329925537e-01 3.323829472064971924e-01
3.618474900722503662e-01 3.519540429115295410e-01
3.844629228115081787e-01 3.715459406375885010e-01
4.070784151554107666e-01 3.911447525024414062e-01
4.296939074993133545e-01 4.107581973075866699e-01
4.523093402385711670e-01 4.303832054138183594e-01
4.749247729778289795e-01 4.500104188919067383e-01
4.975402057170867920e-01 4.696398675441741943e-01
5.201557874679565430e-01 4.892728030681610107e-01
5.427712202072143555e-01 5.089159607887268066e-01
5.653866529464721680e-01 5.285701155662536621e-01
5.880021452903747559e-01 5.482295155525207520e-01
6.106176376342773438e-01 5.678915381431579590e-01
6.332330703735351562e-01 5.875601172447204590e-01
6.558485031127929688e-01 6.072348356246948242e-01
6.784639358520507812e-01 6.269105672836303711e-01
7.010794281959533691e-01 6.465881466865539551e-01
7.236949205398559570e-01 6.662660241127014160e-01
7.463103532791137695e-01 6.859464049339294434e-01
7.689258456230163574e-01 7.056289911270141602e-01
7.915412783622741699e-01 7.253135442733764648e-01
8.141567111015319824e-01 7.449981570243835449e-01
8.367722034454345703e-01 7.646828889846801758e-01
8.593876361846923828e-01 7.843676209449768066e-01
8.820031285285949707e-01 8.040528893470764160e-01
9.046185612678527832e-01 8.237406015396118164e-01
9.272339940071105957e-01 8.434291481971740723e-01
9.498495459556579590e-01 8.631179928779602051e-01
9.724649786949157715e-01 8.828069567680358887e-01
9.950804114341735840e-01 9.024963974952697754e-01
1.017695903778076172e+00 9.221863150596618652e-01
1.040311336517333984e+00 9.418761730194091797e-01
1.062926888465881348e+00 9.615663886070251465e-01
1.085542321205139160e+00 9.812561273574829102e-01
1.108157753944396973e+00 1.000946164131164551e+00
1.130773305892944336e+00 1.020636081695556641e+00
1.153388738632202148e+00 1.040326833724975586e+00
1.176004171371459961e+00 1.060017824172973633e+00
1.198619604110717773e+00 1.079708576202392578e+00
1.221235036849975586e+00 1.099399685859680176e+00
1.243850588798522949e+00 1.119093418121337891e+00
1.266466021537780762e+00 1.138787031173706055e+00
1.289081454277038574e+00 1.158480525016784668e+00
1.311697006225585938e+00 1.178174257278442383e+00
1.334312438964843750e+00 1.197868704795837402e+00
1.356927871704101562e+00 1.217566967010498047e+00
