-1.085541963577270508e+00 8.229646682739257812e-01
-1.062926411628723145e+00 8.059387207031250000e-01
-1.040310859680175781e+00 7.889128327369689941e-01
-1.017695307731628418e+00 7.718869447708129883e-01
-9.950798153877258301e-01 7.548610568046569824e-01
-9.724642634391784668e-01 7.378351688385009766e-01
-9.498487114906311035e-01 7.208105921745300293e-01
-9.272331595420837402e-01 7.037881016731262207e-01
-9.046176075935363770e-01 6.867661476135253906e-01
-8.820020556449890137e-01 6.697462797164916992e-01
-8.593865036964416504e-01 6.527320742607116699e-01
-8.367710113525390625e-01 6.357202529907226562e-01
-8.141554594039916992e-01 6.187113523483276367e-01
-7.915399074554443359e-01 6.017024517059326172e-01
-7.689243555068969727e-01 5.846962332725524902e-01
-7.463088035583496094e-01 5.677037239074707031e-01
-7.236932516098022461e-01 5.507112741470336914e-01
-7.010777592658996582e-01 5.337187051773071289e-01
-6.784622073173522949e-01 5.167261362075805664e-01
-6.558466553688049316e-01 4.997367262840270996e-01
-6.332311034202575684e-01 4.827530384063720703e-01
-6.106155514717102051e-01 4.657783508300781250e-01
-5.879999995231628418e-01 4.488235116004943848e-01
-5.653844475746154785e-01 4.318785667419433594e-01
-5.427689552307128906e-01 4.149581193923950195e-01
-5.201534032821655273e-01 3.980661630630493164e-01
-4.975378513336181641e-01 3.812093436717987061e-01
-4.749222993850708008e-01 3.643814623355865479e-01
-4.523067474365234375e-01 3.475678861141204834e-01
-4.296912252902984619e-01 3.307647705078125000e-01
-4.070756733417510986e-01 3.140212297439575195e-01
-3.844601213932037354e-01 2.973511517047882080e-01
-3.618445992469787598e-01 2.807336449623107910e-01
-3.392290472984313965e-01 2.642172574996948242e-01
-3.166134953498840332e-01 2.478038370609283447e-01
-2.939979732036590576e-01 2.314678728580474854e-01
-2.713824212551116943e-01 2.152413129806518555e-01
-2.487668693065643311e-01 1.991391479969024658e-01
-2.261513322591781616e-01 1.832187771797180176e-01
-2.035357952117919922e-01 1.675544977188110352e-01
-1.809202432632446289e-01 1.523032784461975098e-01
-1.583047062158584595e-01 1.376766264438629150e-01
-1.356891542673110962e-01 1.233367025852203369e-01
-1.130736172199249268e-01 1.095314323902130127e-01
-9.045807272195816040e-02 9.625505656003952026e-02
-6.784252822399139404e-02 8.366619050502777100e-02
-4.522698745131492615e-02 7.172265648841857910e-02
-2.261144481599330902e-02 6.136915087699890137e-02
4.097878445463720709e-06 5.241364985704421997e-02
2.261964045464992523e-02 4.469463974237442017e-02
4.523518308997154236e-02 3.879395499825477600e-02
6.785072386264801025e-02 3.331536054611206055e-02
9.046626836061477661e-02 2.866657078266143799e-02
1.130818128585815430e-01 2.444772422313690186e-02
1.356973499059677124e-01 2.056664228439331055e-02
1.583129018545150757e-01 1.707574725151062012e-02
1.809284389019012451e-01 1.367694139480590820e-02
2.035439908504486084e-01 1.044084131717681885e-02
2.261595278978347778e-01 7.222265005111694336e-03
2.487750649452209473e-01 4.054844379425048828e-03
2.713906168937683105e-01 9.920597076416015625e-04
2.940061688423156738e-01 -2.036511898040771484e-03
3.166216909885406494e-01 -5.011200904846191406e-03
3.392372429370880127e-01 -7.990032434463500977e-03
3.618527948856353760e-01 -1.095178723335266113e-02
3.844683170318603516e-01 -1.390138268470764160e-02
4.070838689804077148e-01 -1.684895157814025879e-02
4.296994209289550781e-01 -1.978871226310729980e-02
4.523149430751800537e-01 -2.272292971611022949e-02
4.749304950237274170e-01 -2.565607428550720215e-02
4.975460469722747803e-01 -2.858722209930419922e-02
5.201615691184997559e-01 -3.151768445968627930e-02
5.427771210670471191e-01 -3.443962335586547852e-02
5.653926730155944824e-01 -3.735327720642089844e-02
5.880082249641418457e-01 -4.026591777801513672e-02
6.106237769126892090e-01 -4.317903518676757812e-02
6.332392692565917969e-01 -4.608833789825439453e-02
6.558548212051391602e-01 -4.899483919143676758e-02
6.784703731536865234e-01 -5.190193653106689453e-02
7.010859251022338867e-01 -5.480855703353881836e-02
7.237014770507812500e-01 -5.771505832672119141e-02
7.463170289993286133e-01 -6.062150001525878906e-02
7.689325809478759766e-01 -6.352818012237548828e-02
7.915480732917785645e-01 -6.643521785736083984e-02
8.141636252403259277e-01 -6.934225559234619141e-02
8.367791771888732910e-01 -7.224917411804199219e-02
8.593947291374206543e-01 -7.515597343444824219e-02
8.820102810859680176e-01 -7.806289196014404297e-02
9.046258330345153809e-01 -8.096945285797119141e-02
9.272413253784179688e-01 -8.387601375579833984e-02
9.498568773269653320e-01 -8.678251504898071289e-02
9.724724292755126953e-01 -8.968901634216308594e-02
9.950879812240600586e-01 -9.259551763534545898e-02
1.017703533172607422e+00 -9.550184011459350586e-02
1.040319085121154785e+00 -9.840798377990722656e-02
1.062934637069702148e+00 -1.013143658638000488e-01
1.085550189018249512e+00 -1.042205095291137695e-01
