-1.085541963577270508e+00 1.085541963577270508e+00
-1.062926411628723145e+00 1.062926411628723145e+00
-1.040310859680175781e+00 1.040310859680175781e+00
-1.017695307731628418e+00 1.017695307731628418e+00
-9.950798153877258301e-01 9.950798153877258301e-01
-9.724642634391784668e-01 9.724642634391784668e-01
-9.498487114906311035e-01 9.498487114906311035e-01
-9.272331595420837402e-01 9.272331595420837402e-01
-9.046176075935363770e-01 9.046176075935363770e-01
-8.820020556449890137e-01 8.820020556449890137e-01
-8.593865036964416504e-01 8.593865036964416504e-01
-8.367710113525390625e-01 8.367710113525390625e-01
-8.141554594039916992e-01 8.141554594039916992e-01
-7.915399074554443359e-01 7.915399074554443359e-01
-7.689243555068969727e-01 7.689243555068969727e-01
-7.463088035583496094e-01 7.463088035583496094e-01
-7.236932516098022461e-01 7.236932516098022461e-01
-7.010777592658996582e-01 7.010777592658996582e-01
-6.784622073173522949e-01 6.784622073173522949e-01
-6.558466553688049316e-01 6.558466553688049316e-01
-6.332311034202575684e-01 6.332311034202575684e-01
-6.106155514717102051e-01 6.106155514717102051e-01
-5.879999995231628418e-01 5.879999995231628418e-01
-5.653844475746154785e-01 5.653844475746154785e-01
-5.427689552307128906e-01 5.427689552307128906e-01
-5.201534032821655273e-01 5.201534032821655273e-01
-4.975378513336181641e-01 4.975378513336181641e-01
-4.749222993850708008e-01 4.749222993850708008e-01
-4.523067474365234375e-01 4.523067474365234375e-01
-4.296912252902984619e-01 4.296912252902984619e-01
-4.070756733417510986e-01 4.070756733417510986e-01
-3.844601213932037354e-01 3.844601213932037354e-01
-3.618445992469787598e-01 3.618445992469787598e-01
-3.392290472984313965e-01 3.392290472984313965e-01
-3.166134953498840332e-01 3.166134953498840332e-01
-2.939979732036590576e-01 2.939979732036590576e-01
-2.713824212551116943e-01 2.713824212551116943e-01
-2.487668693065643311e-01 2.487668693065643311e-01
-2.261513322591781616e-01 2.261513322591781616e-01
-2.035357952117919922e-01 2.035357952117919922e-01
-1.809202432632446289e-01 1.809202432632446289e-01
-1.583047062158584595e-01 1.583047062158584595e-01
-1.356891542673110962e-01 1.356891542673110962e-01
-1.130736172199249268e-01 1.130736172199249268e-01
-9.045807272195816040e-02 9.045807272195816040e-02
-6.784252822399139404e-02 6.784252822399139404e-02
-4.522698745131492615e-02 4.522698745131492615e-02
-2.261144481599330902e-02 2.261144481599330902e-02
4.097878445463720709e-06 -4.097878445463720709e-06
2.261964045464992523e-02 -2.261964045464992523e-02
4.523518308997154236e-02 -4.523518308997154236e-02
6.785072386264801025e-02 -6.785072386264801025e-02
9.046626836061477661e-02 -9.046626836061477661e-02
1.130818128585815430e-01 -1.130818128585815430e-01
1.356973499059677124e-01 -1.356973499059677124e-01
1.583129018545150757e-01 -1.583129018545150757e-01
1.809284389019012451e-01 -1.809284389019012451e-01
2.035439908504486084e-01 -2.035439908504486084e-01
2.261595278978347778e-01 -2.261595278978347778e-01
2.487750649452209473e-01 -2.487750649452209473e-01
2.713906168937683105e-01 -2.713906168937683105e-01
2.940061688423156738e-01 -2.940061688423156738e-01
3.166216909885406494e-01 -3.166216909885406494e-01
3.392372429370880127e-01 -3.392372429370880127e-01
3.618527948856353760e-01 -3.618527948856353760e-01
3.844683170318603516e-01 -3.844683170318603516e-01
4.070838689804077148e-01 -4.070838689804077148e-01
4.296994209289550781e-01 -4.296994209289550781e-01
4.523149430751800537e-01 -4.523149430751800537e-01
4.749304950237274170e-01 -4.749304950237274170e-01
4.975460469722747803e-01 -4.975460469722747803e-01
5.201615691184997559e-01 -5.201615691184997559e-01
5.427771210670471191e-01 -5.427771210670471191e-01
5.653926730155944824e-01 -5.653926730155944824e-01
5.880082249641418457e-01 -5.880082249641418457e-01
6.106237769126892090e-01 -6.106237769126892090e-01
6.332392692565917969e-01 -6.332392692565917969e-01
6.558548212051391602e-01 -6.558548212051391602e-01
6.784703731536865234e-01 -6.784703731536865234e-01
7.010859251022338867e-01 -7.010859251022338867e-01
7.237014770507812500e-01 -7.237014770507812500e-01
7.463170289993286133e-01 -7.463170289993286133e-01
7.689325809478759766e-01 -7.689325809478759766e-01
7.915480732917785645e-01 -7.915480732917785645e-01
8.141636252403259277e-01 -8.141636252403259277e-01
8.367791771888732910e-01 -8.367791771888732910e-01
8.593947291374206543e-01 -8.593947291374206543e-01
8.820102810859680176e-01 -8.820102810859680176e-01
9.046258330345153809e-01 -9.046258330345153809e-01
9.272413253784179688e-01 -9.272413253784179688e-01
9.498568773269653320e-01 -9.498568773269653320e-01
9.724724292755126953e-01 -9.724724292755126953e-01
9.950879812240600586e-01 -9.950879812240600586e-01
1.017703533172607422e+00 -1.017703533172607422e+00
1.040319085121154785e+00 -1.040319085121154785e+00
1.062934637069702148e+00 -1.062934637069702148e+00
1.085550189018249512e+00 -1.085550189018249512e+00
