-1.085541963577270508e+00 1.098130464553833008e+00
-1.062926411628723145e+00 1.075493335723876953e+00
-1.040310859680175781e+00 1.052856087684631348e+00
-1.017695307731628418e+00 1.030218958854675293e+00
-9.950798153877258301e-01 1.007581830024719238e+00
-9.724642634391784668e-01 9.849447011947631836e-01
-9.498487114906311035e-01 9.623090028762817383e-01
-9.272331595420837402e-01 9.396753907203674316e-01
-9.046176075935363770e-01 9.170424938201904297e-01
-8.820020556449890137e-01 8.944116830825805664e-01
-8.593865036964416504e-01 8.717868328094482422e-01
-8.367710113525390625e-01 8.491644859313964844e-01
-8.141554594039916992e-01 8.265452384948730469e-01
-7.915399074554443359e-01 8.039259910583496094e-01
-7.689243555068969727e-01 7.813095450401306152e-01
-7.463088035583496094e-01 7.587074637413024902e-01
-7.236932516098022461e-01 7.361053824424743652e-01
-7.010777592658996582e-01 7.135033607482910156e-01
-6.784622073173522949e-01 6.909012794494628906e-01
-6.558466553688049316e-01 6.683027744293212891e-01
-6.332311034202575684e-01 6.457103490829467773e-01
-6.106155514717102051e-01 6.231274604797363281e-01
-5.879999995231628418e-01 6.005652546882629395e-01
-5.653844475746154785e-01 5.780148506164550781e-01
-5.427689552307128906e-01 5.554912090301513672e-01
-5.201534032821655273e-01 5.330021381378173828e-01
-4.975378513336181641e-01 5.105519890785217285e-01
-4.749222993850708008e-01 4.881350100040435791e-01
-4.523067474365234375e-01 4.657356142997741699e-01
-4.296912252902984619e-01 4.433505833148956299e-01
-4.070756733417510986e-01 4.210300743579864502e-01
-3.844601213932037354e-01 3.987900912761688232e-01
-3.618445992469787598e-01 3.766119778156280518e-01
-3.392290472984313965e-01 3.545466363430023193e-01
-3.166134953498840332e-01 3.325970768928527832e-01
-2.939979732036590576e-01 3.107377886772155762e-01
-2.713824212551116943e-01 2.890048027038574219e-01
-2.487668693065643311e-01 2.674232721328735352e-01
-2.261513322591781616e-01 2.460696697235107422e-01
-2.035357952117919922e-01 2.250405550003051758e-01
-1.809202432632446289e-01 2.044925987720489502e-01
-1.583047062158584595e-01 1.846509575843811035e-01
-1.356891542673110962e-01 1.652363687753677368e-01
-1.130736172199249268e-01 1.464464962482452393e-01
-9.045807272195816040e-02 1.283634603023529053e-01
-6.784252822399139404e-02 1.113955229520797729e-01
-4.522698745131492615e-02 9.559322893619537354e-02
-2.261144481599330902e-02 8.181327581405639648e-02
4.097878445463720709e-06 6.996915489435195923e-02
2.261964045464992523e-02 5.992523580789566040e-02
4.523518308997154236e-02 5.235751345753669739e-02
6.785072386264801025e-02 4.578593373298645020e-02
9.046626836061477661e-02 4.038596898317337036e-02
1.130818128585815430e-01 3.567884862422943115e-02
1.356973499059677124e-01 3.155776858329772949e-02
1.583129018545150757e-01 2.801455557346343994e-02
1.809284389019012451e-01 2.474617958068847656e-02
2.035439908504486084e-01 2.173995971679687500e-02
2.261595278978347778e-01 1.884964108467102051e-02
2.487750649452209473e-01 1.609969139099121094e-02
2.713906168937683105e-01 1.350405812263488770e-02
2.940061688423156738e-01 1.098015904426574707e-02
3.166216909885406494e-01 8.534222841262817383e-03
3.392372429370880127e-01 6.141185760498046875e-03
3.618527948856353760e-01 3.803730010986328125e-03
3.844683170318603516e-01 1.487642526626586914e-03
4.070838689804077148e-01 -8.213520050048828125e-04
4.296994209289550781e-01 -3.115326166152954102e-03
4.523149430751800537e-01 -5.397170782089233398e-03
4.749304950237274170e-01 -7.676899433135986328e-03
4.975460469722747803e-01 -9.954243898391723633e-03
5.201615691184997559e-01 -1.222807168960571289e-02
5.427771210670471191e-01 -1.449149847030639648e-02
5.653926730155944824e-01 -1.674365997314453125e-02
5.880082249641418457e-01 -1.899045705795288086e-02
6.106237769126892090e-01 -2.123427391052246094e-02
6.332392692565917969e-01 -2.347135543823242188e-02
6.558548212051391602e-01 -2.570211887359619141e-02
6.784703731536865234e-01 -2.793180942535400391e-02
7.010859251022338867e-01 -3.015965223312377930e-02
7.237014770507812500e-01 -3.238707780838012695e-02
7.463170289993286133e-01 -3.461164236068725586e-02
7.689325809478759766e-01 -3.683406114578247070e-02
7.915480732917785645e-01 -3.905403614044189453e-02
8.141636252403259277e-01 -4.127401113510131836e-02
8.367791771888732910e-01 -4.349380731582641602e-02
8.593947291374206543e-01 -4.571354389190673828e-02
8.820102810859680176e-01 -4.793298244476318359e-02
9.046258330345153809e-01 -5.014955997467041016e-02
9.272413253784179688e-01 -5.236500501632690430e-02
9.498568773269653320e-01 -5.458050966262817383e-02
9.724724292755126953e-01 -5.679547786712646484e-02
9.950879812240600586e-01 -5.901020765304565430e-02
1.017703533172607422e+00 -6.122422218322753906e-02
1.040319085121154785e+00 -6.343829631805419922e-02
1.062934637069702148e+00 -6.565237045288085938e-02
1.085550189018249512e+00 -6.786656379699707031e-02
