-1.085541963577270508e+00 -2.625772953033447266e-01
-1.062926411628723145e+00 -2.569876611232757568e-01
-1.040310859680175781e+00 -2.513980269432067871e-01
-1.017695307731628418e+00 -2.458083927631378174e-01
-9.950798153877258301e-01 -2.402187585830688477e-01
-9.724642634391784668e-01 -2.346291095018386841e-01
-9.498487114906311035e-01 -2.290381193161010742e-01
-9.272331595420837402e-01 -2.234450727701187134e-01
-9.046176075935363770e-01 -2.178514599800109863e-01
-8.820020556449890137e-01 -2.122557759284973145e-01
-8.593865036964416504e-01 -2.066544145345687866e-01
-8.367710113525390625e-01 -2.010507583618164062e-01
-8.141554594039916992e-01 -1.954441070556640625e-01
-7.915399074554443359e-01 -1.898374557495117188e-01
-7.689243555068969727e-01 -1.842281371355056763e-01
-7.463088035583496094e-01 -1.786050498485565186e-01
-7.236932516098022461e-01 -1.729820072650909424e-01
-7.010777592658996582e-01 -1.673590242862701416e-01
-6.784622073173522949e-01 -1.617360562086105347e-01
-6.558466553688049316e-01 -1.561099141836166382e-01
-6.332311034202575684e-01 -1.504780799150466919e-01
-6.106155514717102051e-01 -1.448372155427932739e-01
-5.879999995231628418e-01 -1.391765028238296509e-01
-5.653844475746154785e-01 -1.335058808326721191e-01
-5.427689552307128906e-01 -1.278108209371566772e-01
-5.201534032821655273e-01 -1.220872402191162109e-01
-4.975378513336181641e-01 -1.163285151124000549e-01
-4.749222993850708008e-01 -1.105408295989036560e-01
-4.523067474365234375e-01 -1.047388687729835510e-01
-4.296912252902984619e-01 -9.892644733190536499e-02
-4.070756733417510986e-01 -9.305444359779357910e-02
-3.844601213932037354e-01 -8.710896223783493042e-02
-3.618445992469787598e-01 -8.111095428466796875e-02
-3.392290472984313965e-01 -7.501179724931716919e-02
-3.166134953498840332e-01 -6.880965828895568848e-02
-2.939979732036590576e-01 -6.253010779619216919e-02
-2.713824212551116943e-01 -5.614110827445983887e-02
-2.487668693065643311e-01 -4.962772503495216370e-02
-2.261513322591781616e-01 -4.293255880475044250e-02
-2.035357952117919922e-01 -3.598130494356155396e-02
-1.809202432632446289e-01 -2.861697040498256683e-02
-1.583047062158584595e-01 -2.062807790935039520e-02
-1.356891542673110962e-01 -1.235245075076818466e-02
-1.130736172199249268e-01 -3.542181802913546562e-03
-9.045807272195816040e-02 5.796986632049083710e-03
-6.784252822399139404e-02 1.582366041839122772e-02
-4.522698745131492615e-02 2.649566717445850372e-02
-2.261144481599330902e-02 3.875770419836044312e-02
4.097878445463720709e-06 5.241774767637252808e-02
2.261964045464992523e-02 6.731428205966949463e-02
4.523518308997154236e-02 8.402913808822631836e-02
6.785072386264801025e-02 1.011660844087600708e-01
9.046626836061477661e-02 1.191328391432762146e-01
1.130818128585815430e-01 1.375295370817184448e-01
1.356973499059677124e-01 1.562639921903610229e-01
1.583129018545150757e-01 1.753886491060256958e-01
1.809284389019012451e-01 1.946053802967071533e-01
2.035439908504486084e-01 2.139848321676254272e-01
2.261595278978347778e-01 2.333817929029464722e-01
2.487750649452209473e-01 2.528299093246459961e-01
2.713906168937683105e-01 2.723826766014099121e-01
2.940061688423156738e-01 2.919696569442749023e-01
3.166216909885406494e-01 3.116104900836944580e-01
3.392372429370880127e-01 3.312472105026245117e-01
3.618527948856353760e-01 3.509010076522827148e-01
3.844683170318603516e-01 3.705669343471527100e-01
4.070838689804077148e-01 3.902349174022674561e-01
4.296994209289550781e-01 4.099107086658477783e-01
4.523149430751800537e-01 4.295920133590698242e-01
4.749304950237274170e-01 4.492744207382202148e-01
4.975460469722747803e-01 4.689588248729705811e-01
5.201615691184997559e-01 4.886438846588134766e-01
5.427771210670471191e-01 5.083374977111816406e-01
5.653926730155944824e-01 5.280393958091735840e-01
5.880082249641418457e-01 5.477423071861267090e-01
6.106237769126892090e-01 5.674447417259216309e-01
6.332392692565917969e-01 5.871509313583374023e-01
6.558548212051391602e-01 6.068599820137023926e-01
6.784703731536865234e-01 6.265684366226196289e-01
7.010859251022338867e-01 6.462773680686950684e-01
7.237014770507812500e-01 6.659864187240600586e-01
7.463170289993286133e-01 6.856955289840698242e-01
7.689325809478759766e-01 7.054044008255004883e-01
7.915480732917785645e-01 7.251128554344177246e-01
8.141636252403259277e-01 7.448213696479797363e-01
8.367791771888732910e-01 7.645300030708312988e-01
8.593947291374206543e-01 7.842387557029724121e-01
8.820102810859680176e-01 8.039473891258239746e-01
9.046258330345153809e-01 8.236563801765441895e-01
9.272413253784179688e-01 8.433653116226196289e-01
9.498568773269653320e-01 8.630743622779846191e-01
9.724724292755126953e-01 8.827834129333496094e-01
9.950879812240600586e-01 9.024924635887145996e-01
1.017703533172607422e+00 9.222016930580139160e-01
1.040319085121154785e+00 9.419111013412475586e-01
1.062934637069702148e+00 9.616202712059020996e-01
1.085550189018249512e+00 9.813296794891357422e-01
