-1.085541963577270508e+00 1.258849445730447769e-02
-1.062926411628723145e+00 1.256688032299280167e-02
-1.040310859680175781e+00 1.254526618868112564e-02
-1.017695307731628418e+00 1.252365205436944962e-02
-9.950798153877258301e-01 1.250203792005777359e-02
-9.724642634391784668e-01 1.248042471706867218e-02
-9.498487114906311035e-01 1.246027555316686630e-02
-9.272331595420837402e-01 1.244226004928350449e-02
-9.046176075935363770e-01 1.242486666887998581e-02
-8.820020556449890137e-01 1.240960415452718735e-02
-8.593865036964416504e-01 1.240033004432916641e-02
-8.367710113525390625e-01 1.239348854869604111e-02
-8.141554594039916992e-01 1.238978188484907150e-02
-7.915399074554443359e-01 1.238607615232467651e-02
-7.689243555068969727e-01 1.238516438752412796e-02
-7.463088035583496094e-01 1.239864621311426163e-02
-7.236932516098022461e-01 1.241212803870439529e-02
-7.010777592658996582e-01 1.242560986429452896e-02
-6.784622073173522949e-01 1.243909262120723724e-02
-6.558466553688049316e-01 1.245611440390348434e-02
-6.332311034202575684e-01 1.247927267104387283e-02
-6.106155514717102051e-01 1.251189690083265305e-02
-5.879999995231628418e-01 1.256526168435811996e-02
-5.653844475746154785e-01 1.263042632490396500e-02
-5.427689552307128906e-01 1.272227615118026733e-02
-5.201534032821655273e-01 1.284871809184551239e-02
-4.975378513336181641e-01 1.301411446183919907e-02
-4.749222993850708008e-01 1.321271434426307678e-02
-4.523067474365234375e-01 1.342887245118618011e-02
-4.296912252902984619e-01 1.365934684872627258e-02
-4.070756733417510986e-01 1.395441032946109772e-02
-3.844601213932037354e-01 1.432997360825538635e-02
-3.618445992469787598e-01 1.476739160716533661e-02
-3.392290472984313965e-01 1.531758531928062439e-02
-3.166134953498840332e-01 1.598358899354934692e-02
-2.939979732036590576e-01 1.673982292413711548e-02
-2.713824212551116943e-01 1.762236841022968292e-02
-2.487668693065643311e-01 1.865639723837375641e-02
-2.261513322591781616e-01 1.991834305226802826e-02
-2.035357952117919922e-01 2.150475606322288513e-02
-1.809202432632446289e-01 2.357236295938491821e-02
-1.583047062158584595e-01 2.634624950587749481e-02
-1.356891542673110962e-01 2.954721823334693909e-02
-1.130736172199249268e-01 3.337287902832031250e-02
-9.045807272195816040e-02 3.790539503097534180e-02
-6.784252822399139404e-02 4.355299100279808044e-02
-4.522698745131492615e-02 5.036624521017074585e-02
-2.261144481599330902e-02 5.920182913541793823e-02
4.097878445463720709e-06 6.997325271368026733e-02
2.261964045464992523e-02 8.254487812519073486e-02
4.523518308997154236e-02 9.759269654750823975e-02
6.785072386264801025e-02 1.136366575956344604e-01
9.046626836061477661e-02 1.308522373437881470e-01
1.130818128585815430e-01 1.487606614828109741e-01
1.356973499059677124e-01 1.672551184892654419e-01
1.583129018545150757e-01 1.863274574279785156e-01
1.809284389019012451e-01 2.056746184825897217e-01
2.035439908504486084e-01 2.252839505672454834e-01
2.261595278978347778e-01 2.450091689825057983e-01
2.487750649452209473e-01 2.648747563362121582e-01
2.713906168937683105e-01 2.848946750164031982e-01
2.940061688423156738e-01 3.049863278865814209e-01
3.166216909885406494e-01 3.251559138298034668e-01
3.392372429370880127e-01 3.453784286975860596e-01
3.618527948856353760e-01 3.656565248966217041e-01
3.844683170318603516e-01 3.859559595584869385e-01
4.070838689804077148e-01 4.062625169754028320e-01
4.296994209289550781e-01 4.265840947628021240e-01
4.523149430751800537e-01 4.469177722930908203e-01
4.749304950237274170e-01 4.672535955905914307e-01
4.975460469722747803e-01 4.875918030738830566e-01
5.201615691184997559e-01 5.079334974288940430e-01
5.427771210670471191e-01 5.282856225967407227e-01
5.653926730155944824e-01 5.486490130424499512e-01
5.880082249641418457e-01 5.690177679061889648e-01
6.106237769126892090e-01 5.893895030021667480e-01
6.332392692565917969e-01 6.097679138183593750e-01
6.558548212051391602e-01 6.301527023315429688e-01
6.784703731536865234e-01 6.505385637283325195e-01
7.010859251022338867e-01 6.709262728691101074e-01
7.237014770507812500e-01 6.913143992424011230e-01
7.463170289993286133e-01 7.117053866386413574e-01
7.689325809478759766e-01 7.320985198020935059e-01
7.915480732917785645e-01 7.524940371513366699e-01
8.141636252403259277e-01 7.728896141052246094e-01
8.367791771888732910e-01 7.932853698730468750e-01
8.593947291374206543e-01 8.136811852455139160e-01
8.820102810859680176e-01 8.340772986412048340e-01
9.046258330345153809e-01 8.544762730598449707e-01
9.272413253784179688e-01 8.748763203620910645e-01
9.498568773269653320e-01 8.952763676643371582e-01
9.724724292755126953e-01 9.156769514083862305e-01
9.950879812240600586e-01 9.360777735710144043e-01
1.017703533172607422e+00 9.564793109893798828e-01
1.040319085121154785e+00 9.768807888031005859e-01
1.062934637069702148e+00 9.972822666168212891e-01
1.085550189018249512e+00 1.017683625221252441e+00
