0.000000000000000000e+00
0.000000000000000000e+00
0.000000000000000000e+00
0.000000000000000000e+00
0.000000000000000000e+00
0.000000000000000000e+00
0.000000000000000000e+00
0.000000000000000000e+00
0.000000000000000000e+00
0.000000000000000000e+00
0.000000000000000000e+00
0.000000000000000000e+00
0.000000000000000000e+00
0.000000000000000000e+00
0.000000000000000000e+00
0.000000000000000000e+00
0.000000000000000000e+00
0.000000000000000000e+00
0.000000000000000000e+00
0.000000000000000000e+00
0.000000000000000000e+00
0.000000000000000000e+00
0.000000000000000000e+00
0.000000000000000000e+00
0.000000000000000000e+00
0.000000000000000000e+00
0.000000000000000000e+00
0.000000000000000000e+00
0.000000000000000000e+00
0.000000000000000000e+00
0.000000000000000000e+00
0.000000000000000000e+00
0.000000000000000000e+00
0.000000000000000000e+00
0.000000000000000000e+00
0.000000000000000000e+00
0.000000000000000000e+00
0.000000000000000000e+00
0.000000000000000000e+00
0.000000000000000000e+00
0.000000000000000000e+00
0.000000000000000000e+00
0.000000000000000000e+00
0.000000000000000000e+00
0.000000000000000000e+00
0.000000000000000000e+00
0.000000000000000000e+00
0.000000000000000000e+00
0.000000000000000000e+00
0.000000000000000000e+00
0.000000000000000000e+00
2.036281116306781769e-02
4.266824573278427124e-02
5.661063641309738159e-02
6.701657176017761230e-02
7.582134008407592773e-02
8.344828337430953979e-02
9.023884683847427368e-02
9.666673839092254639e-02
1.026408299803733826e-01
1.082397550344467163e-01
1.135449782013893127e-01
1.188014671206474304e-01
1.238353177905082703e-01
1.286716908216476440e-01
1.333306431770324707e-01
1.379542350769042969e-01
1.425756514072418213e-01
1.470718383789062500e-01
1.514514088630676270e-01
1.557218283414840698e-01
1.599432826042175293e-01
1.641583144664764404e-01
1.682859510183334351e-01
1.723301410675048828e-01
1.762944161891937256e-01
1.801817864179611206e-01
1.841161102056503296e-01
1.880117803812026978e-01
1.918422728776931763e-01
1.956094056367874146e-01
1.993146091699600220e-01
2.029596120119094849e-01
2.066060751676559448e-01
2.102079540491104126e-01
2.137546688318252563e-01
2.172473073005676270e-01
2.206866145133972168e-01
2.240733653306961060e-01
2.274435609579086304e-01
2.308219671249389648e-01
2.341516315937042236e-01
2.374329268932342529e-01
2.406666874885559082e-01
2.438529729843139648e-01
2.469926476478576660e-01
2.501325607299804688e-01
2.532905936241149902e-01
2.564046382904052734e-01
2.594746351242065430e-01
2.625011801719665527e-01
2.654843032360076904e-01
2.684245705604553223e-01
2.713220119476318359e-01
2.742296159267425537e-01
2.770965695381164551e-01
2.799221575260162354e-01
2.827064394950866699e-01
2.854498624801635742e-01
2.881524562835693359e-01
2.908146977424621582e-01
2.934366464614868164e-01
2.960644066333770752e-01
2.986657917499542236e-01
3.012277185916900635e-01
3.037509024143218994e-01
3.062351346015930176e-01
3.086811006069183350e-01
3.110889792442321777e-01
3.134588599205017090e-01
3.157913684844970703e-01
3.181120455265045166e-01
3.204099833965301514e-01
3.226709663867950439e-01
3.248955011367797852e-01
3.270839452743530273e-01
3.292366564273834229e-01
3.313535451889038086e-01
3.334353566169738770e-01
3.354822099208831787e-01
3.374944925308227539e-01
3.394770920276641846e-01
3.414600193500518799e-01
3.434090316295623779e-01
3.453246653079986572e-01
3.472072780132293701e-01
3.490569293498992920e-01
3.508742451667785645e-01
3.526595532894134521e-01
3.544131815433502197e-01
3.561355471611022949e-01
3.578263819217681885e-01
3.594870567321777344e-01
3.611170351505279541e-01
3.627246916294097900e-01
3.643085658550262451e-01
3.658628761768341064e-01
3.673885464668273926e-01
3.688856959342956543e-01
3.703545331954956055e-01
3.717956244945526123e-01
3.732091784477233887e-01
3.745955824851989746e-01
3.759555220603942871e-01
3.772887289524078369e-01
3.785963952541351318e-01
3.798785805702209473e-01
3.811354041099548340e-01
3.823672831058502197e-01
3.835746645927429199e-01
3.847589492797851562e-01
3.859218358993530273e-01
3.870614767074584961e-01
3.881777822971343994e-01
3.892719149589538574e-01
3.903436064720153809e-01
3.913927376270294189e-01
3.924207687377929688e-01
3.934274315834045410e-01
3.944130241870880127e-01
3.953780233860015869e-01
3.963228166103363037e-01
3.972477018833160400e-01
3.981530070304870605e-01
3.990389108657836914e-01
3.999060690402984619e-01
4.007545411586761475e-01
4.015851020812988281e-01
4.023971259593963623e-01
4.031918942928314209e-01
4.039693176746368408e-01
4.047296643257141113e-01
4.054735898971557617e-01
4.062005877494812012e-01
4.069115519523620605e-01
4.076103270053863525e-01
4.082951545715332031e-01
4.089643657207489014e-01
4.096183776855468750e-01
4.102576375007629395e-01
4.108824729919433594e-01
4.114933013916015625e-01
4.120897650718688965e-01
4.126726090908050537e-01
4.132422804832458496e-01
4.137987494468688965e-01
4.143421053886413574e-01
4.148730933666229248e-01
4.153918325901031494e-01
4.158979952335357666e-01
4.163923859596252441e-01
4.168748259544372559e-01
4.173462092876434326e-01
4.178059399127960205e-01
4.182550013065338135e-01
4.186930060386657715e-01
4.191206693649291992e-01
4.195378720760345459e-01
4.199449121952056885e-01
4.203418791294097900e-01
4.207292497158050537e-01
4.211069941520690918e-01
4.214753210544586182e-01
4.218344390392303467e-01
4.221846759319305420e-01
4.225260317325592041e-01
4.228589534759521484e-01
4.231832325458526611e-01
4.234991669654846191e-01
4.238071143627166748e-01
4.241070449352264404e-01
4.243995547294616699e-01
4.246842265129089355e-01
4.249612987041473389e-01
4.252312481403350830e-01
4.254941046237945557e-01
4.257495403289794922e-01
4.259987771511077881e-01
4.262410402297973633e-01
4.264768064022064209e-01
4.267061948776245117e-01
4.269292354583740234e-01
4.271461367607116699e-01
4.273570477962493896e-01
4.275619089603424072e-01
4.277610480785369873e-01
4.279547333717346191e-01
4.281429052352905273e-01
4.283256232738494873e-01
4.285030663013458252e-01
4.286749958992004395e-01
4.288421869277954102e-01
4.290046989917755127e-01
4.291622042655944824e-01
4.293147027492523193e-01
4.294627010822296143e-01
4.296062290668487549e-01
4.297459125518798828e-01
4.298812448978424072e-01
4.300126731395721436e-01
4.301398396492004395e-01
4.259833991527557373e-01
4.219055771827697754e-01
4.179011285305023193e-01
4.139688909053802490e-01
4.101061224937438965e-01
4.063167273998260498e-01
4.026138484477996826e-01
3.989744484424591064e-01
3.953970372676849365e-01
3.918801546096801758e-01
3.884221613407135010e-01
3.850213289260864258e-01
3.816852867603302002e-01
3.784053027629852295e-01
3.751780986785888672e-01
3.720025122165679932e-01
3.688775300979614258e-01
3.658020496368408203e-01
3.627744913101196289e-01
3.598116934299468994e-01
3.569016158580780029e-01
3.540359437465667725e-01
3.512135744094848633e-01
3.484331965446472168e-01
3.456940054893493652e-01
3.429952859878540039e-01
3.403359353542327881e-01
3.377456665039062500e-01
3.352144658565521240e-01
3.327185213565826416e-01
3.302571773529052734e-01
3.278301656246185303e-01
3.254359066486358643e-01
3.230744898319244385e-01
3.207451701164245605e-01
3.184471130371093750e-01
3.161871731281280518e-01
3.139888346195220947e-01
3.118191361427307129e-01
3.096772134304046631e-01
3.075625598430633545e-01
3.054746389389038086e-01
3.034133315086364746e-01
3.013775646686553955e-01
2.993671298027038574e-01
2.973816394805908203e-01
2.954204380512237549e-01
2.934957742691040039e-01
2.916274964809417725e-01
2.897812128067016602e-01
2.879566550254821777e-01
2.861531674861907959e-01
2.843705415725708008e-01
2.826085388660430908e-01
2.808665633201599121e-01
2.791443169116973877e-01
2.774417996406555176e-01
2.757582068443298340e-01
2.740934193134307861e-01
2.724471986293792725e-01
2.708305716514587402e-01
2.692519426345825195e-01
2.676905393600463867e-01
2.661455571651458740e-01
2.646171748638153076e-01
2.631045877933502197e-01
2.616081535816192627e-01
2.601272165775299072e-01
2.586613595485687256e-01
2.572109997272491455e-01
2.557753920555114746e-01
2.543544471263885498e-01
2.529480159282684326e-01
2.515557110309600830e-01
2.501773834228515625e-01
2.488128989934921265e-01
2.475112527608871460e-01
2.462236881256103516e-01
2.449483275413513184e-01
2.436849325895309448e-01
2.424334436655044556e-01
2.411935329437255859e-01
2.399651706218719482e-01
2.387481480836868286e-01
2.375423312187194824e-01
2.363475561141967773e-01
2.351637780666351318e-01
2.339906841516494751e-01
2.328281998634338379e-01
2.316761016845703125e-01
2.305343151092529297e-01
2.294027507305145264e-01
2.282813340425491333e-01
2.271697670221328735e-01
2.260705530643463135e-01
2.250114530324935913e-01
2.239612191915512085e-01
2.229198068380355835e-01
2.218870818614959717e-01
2.208630144596099854e-01
2.198475152254104614e-01
2.188402861356735229e-01
2.178413867950439453e-01
2.168506830930709839e-01
2.158681005239486694e-01
2.148934155702590942e-01
2.139267474412918091e-01
2.129677236080169678e-01
2.120164930820465088e-01
2.110728621482849121e-01
2.101368308067321777e-01
2.092080712318420410e-01
2.082867771387100220e-01
2.073727101087570190e-01
2.064658105373382568e-01
2.055659592151641846e-01
2.046731561422348022e-01
2.037872523069381714e-01
2.029221504926681519e-01
2.020689547061920166e-01
2.012221217155456543e-01
2.003816366195678711e-01
1.995474100112915039e-01
1.987192928791046143e-01
1.978973299264907837e-01
1.970813721418380737e-01
1.962714344263076782e-01
1.954673379659652710e-01
1.946691423654556274e-01
1.938766837120056152e-01
1.930899620056152344e-01
1.923088878393173218e-01
1.915334314107894897e-01
1.907635033130645752e-01
1.899990141391754150e-01
1.892400085926055908e-01
1.884863376617431641e-01
1.877379417419433594e-01
1.869948506355285645e-01
1.862569153308868408e-01
1.855241507291793823e-01
1.847965121269226074e-01
1.840738058090209961e-01
1.833561807870864868e-01
1.826433837413787842e-01
1.819355934858322144e-01
1.812325567007064819e-01
1.805508285760879517e-01
1.798865497112274170e-01
1.792265474796295166e-01
1.785707920789718628e-01
1.779191792011260986e-01
1.772717833518981934e-01
1.766284555196762085e-01
1.759892553091049194e-01
1.753540635108947754e-01
1.747228652238845825e-01
1.740956455469131470e-01
1.734723597764968872e-01
1.728529334068298340e-01
1.722373813390731812e-01
1.716256588697433472e-01
1.710177361965179443e-01
1.704134941101074219e-01
1.698130220174789429e-01
1.692162156105041504e-01
1.686230450868606567e-01
1.680334657430648804e-01
1.674475073814392090e-01
1.668650954961776733e-01
1.662861853837966919e-01
1.657107621431350708e-01
1.651388257741928101e-01
1.645702570676803589e-01
1.640051305294036865e-01
1.634433269500732422e-01
1.628849208354949951e-01
1.623297780752182007e-01
1.617778539657592773e-01
1.612292230129241943e-01
1.606838405132293701e-01
1.601415723562240601e-01
1.596025675535202026e-01
1.590665876865386963e-01
1.585338264703750610e-01
1.580154597759246826e-01
1.575083583593368530e-01
1.570039838552474976e-01
1.565024256706237793e-01
1.560036391019821167e-01
1.555075347423553467e-01
1.550141870975494385e-01
1.545234769582748413e-01
1.540354341268539429e-01
1.535500437021255493e-01
1.530672460794448853e-01
1.525869965553283691e-01
1.521094143390655518e-01
1.516343206167221069e-01
1.511617749929428101e-01
1.506917327642440796e-01
1.502242237329483032e-01
1.497591435909271240e-01
1.492965519428253174e-01
1.488363593816757202e-01
1.483785957098007202e-01
1.479232311248779297e-01
1.474702805280685425e-01
1.470196694135665894e-01
1.465713530778884888e-01
1.461253911256790161e-01
1.456817388534545898e-01
1.452403962612152100e-01
1.448013335466384888e-01
1.443644911050796509e-01
1.439298689365386963e-01
1.434974819421768188e-01
1.430673152208328247e-01
1.426393240690231323e-01
1.422135233879089355e-01
1.417898386716842651e-01
1.413683295249938965e-01
1.409488767385482788e-01
1.405316442251205444e-01
1.401164084672927856e-01
1.397032439708709717e-01
1.392922103404998779e-01
1.388831138610839844e-01
1.384761184453964233e-01
1.380711346864700317e-01
1.376681625843048096e-01
1.372671425342559814e-01
1.368681043386459351e-01
1.364709883928298950e-01
1.360758841037750244e-01
1.356832981109619141e-01
1.353165805339813232e-01
1.349515467882156372e-01
1.345881372690200806e-01
1.342263817787170410e-01
1.338661909103393555e-01
1.335076093673706055e-01
1.331506520509719849e-01
1.327952742576599121e-01
1.324414610862731934e-01
1.320892423391342163e-01
1.317385286092758179e-01
1.313893646001815796e-01
1.310417503118515015e-01
1.306956410408020020e-01
1.303510516881942749e-01
1.300079822540283203e-01
1.296664178371429443e-01
1.293262839317321777e-01
1.289876401424407959e-01
1.286504715681076050e-01
1.283147782087326050e-01
1.279805302619934082e-01
1.276476830244064331e-01
1.273162961006164551e-01
1.269863247871398926e-01
1.266577392816543579e-01
1.263305693864822388e-01
1.260048151016235352e-01
1.256804317235946655e-01
1.253574043512344360e-01
1.250357478857040405e-01
1.247154697775840759e-01
1.243965104222297668e-01
1.240789294242858887e-01
1.237626597285270691e-01
1.234477460384368896e-01
1.231340691447257996e-01
1.228217706084251404e-01
1.225107610225677490e-01
1.222010329365730286e-01
1.218925714492797852e-01
1.215854361653327942e-01
1.212795376777648926e-01
1.209748759865760803e-01
1.206715032458305359e-01
1.203693524003028870e-01
1.200684756040573120e-01
1.197687909007072449e-01
1.194703802466392517e-01
1.191731616854667664e-01
1.188771128654479980e-01
1.185822859406471252e-01
1.182886660099029541e-01
1.179962605237960815e-01
1.177049875259399414e-01
1.174149140715599060e-01
1.171260029077529907e-01
1.168382465839385986e-01
1.165516376495361328e-01
1.162661612033843994e-01
1.159818395972251892e-01
1.156986579298973083e-01
1.154165789484977722e-01
1.151356697082519531e-01
1.148558035492897034e-01
1.145770773291587830e-01
1.142994910478591919e-01
1.140229329466819763e-01
1.137474775314331055e-01
1.134730949997901917e-01
1.131998300552368164e-01
1.129351556301116943e-01
1.126776337623596191e-01
1.124210283160209656e-01
1.121653690934181213e-01
1.119106486439704895e-01
1.116568669676780701e-01
1.114039942622184753e-01
1.111520379781723022e-01
1.109009757637977600e-01
1.106508374214172363e-01
1.104015931487083435e-01
1.101532503962516785e-01
1.099058091640472412e-01
1.096592247486114502e-01
1.094135418534278870e-01
1.091687455773353577e-01
1.089248135685920715e-01
1.086817458271980286e-01
1.084395423531532288e-01
1.081982105970382690e-01
1.079577058553695679e-01
1.077180728316307068e-01
1.074792817234992981e-01
1.072413399815559387e-01
1.070042550563812256e-01
1.067679673433303833e-01
1.065325140953063965e-01
1.062979027628898621e-01
1.060641035437583923e-01
1.058311164379119873e-01
1.055989414453506470e-01
1.053675785660743713e-01
1.051370203495025635e-01
1.049072593450546265e-01
1.046782881021499634e-01
1.044501140713691711e-01
1.042227298021316528e-01
1.039961501955986023e-01
1.037703156471252441e-01
1.035452708601951599e-01
1.033210009336471558e-01
1.030974984169006348e-01
1.028747633099555969e-01
1.026527732610702515e-01
1.024315506219863892e-01
1.022110804915428162e-01
1.019913405179977417e-01
1.017723530530929565e-01
1.015541404485702515e-01
1.013366356492042542e-01
1.011198833584785461e-01
1.009038537740707397e-01
1.006885319948196411e-01
1.004739403724670410e-01
1.002600938081741333e-01
1.000469475984573364e-01
9.983450919389724731e-02
9.962279349565505981e-02
9.941177815198898315e-02
9.920144826173782349e-02
9.899184107780456543e-02
9.878294169902801514e-02
9.857469052076339722e-02
9.836716204881668091e-02
9.816029667854309082e-02
9.795413911342620850e-02
9.774864464998245239e-02
9.754382818937301636e-02
9.733967483043670654e-02
9.713622182607650757e-02
9.693340957164764404e-02
9.673126786947250366e-02
9.652976691722869873e-02
9.632895141839981079e-02
9.612876921892166138e-02
9.592925012111663818e-02
9.573038667440414429e-02
9.553213417530059814e-02
9.533455222845077515e-02
9.513761103153228760e-02
9.494126588106155396e-02
9.474557638168334961e-02
9.455052763223648071e-02
9.435610473155975342e-02
9.416230767965316772e-02
9.396910667419433594e-02
9.377655386924743652e-02
9.358458966016769409e-02
9.339325129985809326e-02
9.320253133773803711e-02
9.301238507032394409e-02
9.282287210226058960e-02
9.263394027948379517e-02
9.244562685489654541e-02
9.225789457559585571e-02
9.207075089216232300e-02
9.188421070575714111e-02
9.169824421405792236e-02
9.151287376880645752e-02
9.132806956768035889e-02
9.114385396242141724e-02
9.096022695302963257e-02
9.077715128660202026e-02
9.059464931488037109e-02
9.041496366262435913e-02
9.024184197187423706e-02
9.006920456886291504e-02
8.989711105823516846e-02
8.972548693418502808e-02
8.955436944961547852e-02
8.938373625278472900e-02
8.921363204717636108e-02
8.904398232698440552e-02
8.887485414743423462e-02
8.870617300271987915e-02
8.853803575038909912e-02
8.837036788463592529e-02
8.820316940546035767e-02
8.803646266460418701e-02
8.787021040916442871e-02
8.770446479320526123e-02
8.753916621208190918e-02
8.737436681985855103e-02
8.721003681421279907e-02
8.704616874456405640e-02
8.688275516033172607e-02
8.671984821557998657e-02
8.655735850334167480e-02
8.639535307884216309e-02
8.623381704092025757e-02
8.607271313667297363e-02
8.591207861900329590e-02
8.575189858675003052e-02
8.559215813875198364e-02
8.543290197849273682e-02
8.527405560016632080e-02
8.511567860841751099e-02
8.495773375034332275e-02
8.480023592710494995e-02
8.464318513870239258e-02
8.448657393455505371e-02
8.433038741350173950e-02
8.417464792728424072e-02
8.401934802532196045e-02
8.386447280645370483e-02
8.371003717184066772e-02
8.355601131916046143e-02
8.340242505073547363e-02
8.324925601482391357e-02
8.309653401374816895e-02
8.294421434402465820e-02
8.279231935739517212e-02
8.264084905385971069e-02
8.248977363109588623e-02
8.233913779258728027e-02
8.218891173601150513e-02
8.203908056020736694e-02
8.188969641923904419e-02
8.174069225788116455e-02
8.159209787845611572e-02
8.144389837980270386e-02
8.129613101482391357e-02
8.114874362945556641e-02
8.100177347660064697e-02
8.085520565509796143e-02
8.070901036262512207e-02
8.056322485208511353e-02
8.041784167289733887e-02
8.027285337448120117e-02
8.012823760509490967e-02
7.998402416706085205e-02
7.984019815921783447e-02
7.969675213098526001e-02
7.955370843410491943e-02
7.941103726625442505e-02
7.926875352859497070e-02
7.912684231996536255e-02
7.898531854152679443e-02
7.884416729211807251e-02
7.870339602231979370e-02
7.856300473213195801e-02
7.842297106981277466e-02
7.828332483768463135e-02
7.814404368400573730e-02
7.800513505935668945e-02
7.786659151315689087e-02
7.772842049598693848e-02
7.759062200784683228e-02
7.745317369699478149e-02
7.731609791517257690e-02
7.717936486005783081e-02
7.704300433397293091e-02
7.690699398517608643e-02
7.677134871482849121e-02
7.663606107234954834e-02
7.650111615657806396e-02
7.636654376983642578e-02
7.623229920864105225e-02
7.609843462705612183e-02
7.596489787101745605e-02
7.583171129226684570e-02
7.569886744022369385e-02
7.556637376546859741e-02
7.543423771858215332e-02
7.530241459608078003e-02
7.517094910144805908e-02
7.503983378410339355e-02
7.490903884172439575e-02
7.477860897779464722e-02
7.464848458766937256e-02
7.451871037483215332e-02
7.438927143812179565e-02
7.426015287637710571e-02
7.413137704133987427e-02
7.400292158126831055e-02
7.387480139732360840e-02
7.374701648950576782e-02
7.361954450607299805e-02
7.349240034818649292e-02
7.336558401584625244e-02
7.323910295963287354e-02
7.311291992664337158e-02
7.298705726861953735e-02
7.286153733730316162e-02
7.273632287979125977e-02
7.261141389608383179e-02
7.248684018850326538e-02
7.236257195472717285e-02
7.223860919475555420e-02
7.211498171091079712e-02
7.199165970087051392e-02
7.186863571405410767e-02
7.174592465162277222e-02
7.162352651357650757e-02
7.150142639875411987e-02
7.137963920831680298e-02
7.125815004110336304e-02
7.113697379827499390e-02
7.101608812808990479e-02
7.089552283287048340e-02
7.077523320913314819e-02
7.065526396036148071e-02
7.053558528423309326e-02
7.041621953248977661e-02
7.029712945222854614e-02
7.017832249402999878e-02
7.005983591079711914e-02
6.994162499904632568e-02
6.982371956110000610e-02
6.970608234405517578e-02
6.958875060081481934e-02
6.947171688079833984e-02
6.935496628284454346e-02
6.923849880695343018e-02
6.912231445312500000e-02
6.900639832019805908e-02
6.889078766107559204e-02
6.877547502517700195e-02
6.866040825843811035e-02
6.854566186666488647e-02
6.843116134405136108e-02
6.831695139408111572e-02
6.820301711559295654e-02
6.808936595916748047e-02
6.797598302364349365e-02
6.786288321018218994e-02
6.775531917810440063e-02
6.764887273311614990e-02
6.754264235496520996e-02
6.743669509887695312e-02
6.733094155788421631e-02
6.722545623779296875e-02
6.712020188570022583e-02
6.701516360044479370e-02
6.691037118434906006e-02
6.680580973625183105e-02
6.670148670673370361e-02
6.659737974405288696e-02
6.649351119995117188e-02
6.638987362384796143e-02
6.628645956516265869e-02
6.618329882621765137e-02
6.608033180236816406e-02
6.597761064767837524e-02
6.587512791156768799e-02
6.577284634113311768e-02
6.567079573869705200e-02
6.556897610425949097e-02
6.546736508607864380e-02
6.536599993705749512e-02
6.526484340429306030e-02
6.516391783952713013e-02
6.506321579217910767e-02
6.496270745992660522e-02
6.486245244741439819e-02
6.476239860057830811e-02
6.466255336999893188e-02
6.456294655799865723e-02
6.446354091167449951e-02
6.436435878276824951e-02
6.426538527011871338e-02
6.416663527488708496e-02
6.406810134649276733e-02
6.396977603435516357e-02
6.387165933847427368e-02
6.377375125885009766e-02
6.367607414722442627e-02
6.357859820127487183e-02
6.348133087158203125e-02
6.338427215814590454e-02
6.328742206096649170e-02
6.319078058004379272e-02
6.309434026479721069e-02
6.299812346696853638e-02
6.290210783481597900e-02
6.280629336833953857e-02
6.271068751811981201e-02
6.261526793241500854e-02
6.252008676528930664e-02
6.242509558796882629e-02
6.233029067516326904e-02
6.223571673035621643e-02
6.214131042361259460e-02
6.204712763428688049e-02
6.195313110947608948e-02
6.185935065150260925e-02
6.176576763391494751e-02
6.167236715555191040e-02
6.157917156815528870e-02
6.148618832230567932e-02
6.139338761568069458e-02
6.130078807473182678e-02
6.120836734771728516e-02
6.111616641283035278e-02
6.102414801716804504e-02
6.093232706189155579e-02
6.084069982171058655e-02
6.074926629662513733e-02
6.065801903605461121e-02
6.056696176528930664e-02
6.047609075903892517e-02
6.038543209433555603e-02
