1.000000000000000000e+00
9.903370141983032227e-01
9.808567762374877930e-01
9.715471863746643066e-01
9.624054431915283203e-01
9.534251689910888672e-01
9.446154832839965820e-01
9.360069036483764648e-01
9.275459051132202148e-01
9.192290902137756348e-01
9.110529422760009766e-01
9.030137062072753906e-01
8.951073884963989258e-01
8.873516321182250977e-01
8.797262310981750488e-01
8.722235560417175293e-01
8.648409247398376465e-01
8.575758934020996094e-01
8.504258990287780762e-01
8.433873653411865234e-01
8.364993333816528320e-01
8.297339677810668945e-01
8.230717778205871582e-01
8.165102601051330566e-01
8.100463747978210449e-01
8.036782145500183105e-01
7.974041700363159180e-01
7.912216186523437500e-01
7.851997017860412598e-01
7.793151140213012695e-01
7.735124826431274414e-01
7.677902579307556152e-01
7.621479034423828125e-01
7.565816640853881836e-01
7.510917782783508301e-01
7.456765174865722656e-01
7.403339147567749023e-01
7.350799441337585449e-01
7.299692034721374512e-01
7.249251008033752441e-01
7.199454903602600098e-01
7.150292396545410156e-01
7.101752161979675293e-01
7.053830027580261230e-01
7.006502151489257812e-01
6.959763169288635254e-01
6.913604140281677246e-01
6.868009567260742188e-01
6.823264360427856445e-01
6.779830455780029297e-01
6.736907362937927246e-01
6.694489717483520508e-01
6.652561426162719727e-01
6.611118316650390625e-01
6.570155024528503418e-01
6.529657244682312012e-01
6.489617824554443359e-01
6.450037360191345215e-01
6.410896778106689453e-01
6.372193098068237305e-01
6.333921551704406738e-01
6.296337842941284180e-01
6.259638071060180664e-01
6.223337054252624512e-01
6.187419295310974121e-01
6.151887178421020508e-01
6.116722226142883301e-01
6.081933379173278809e-01
6.047503352165222168e-01
6.013424992561340332e-01
5.979706645011901855e-01
5.946331024169921875e-01
5.913296341896057129e-01
5.880599617958068848e-01
5.848231315612792969e-01
5.816187262535095215e-01
5.784465670585632324e-01
5.754204392433166504e-01
5.724270939826965332e-01
5.694621205329895020e-01
5.665249228477478027e-01
5.636154413223266602e-01
5.607328414916992188e-01
5.578771233558654785e-01
5.550477504730224609e-01
5.522444248199462891e-01
5.494667887687683105e-01
5.467147231101989746e-01
5.439874529838562012e-01
5.412849187850952148e-01
5.386065244674682617e-01
5.359520316123962402e-01
5.333213806152343750e-01
5.307142734527587891e-01
5.281300544738769531e-01
5.255745649337768555e-01
5.231123566627502441e-01
5.206707119941711426e-01
5.182496309280395508e-01
5.158487558364868164e-01
5.134679675102233887e-01
5.111070871353149414e-01
5.087654590606689453e-01
5.064432024955749512e-01
5.041399598121643066e-01
5.018556118011474609e-01
4.995896816253662109e-01
4.973423480987548828e-01
4.951127767562866211e-01
4.929013252258300781e-01
4.907075464725494385e-01
4.885314702987670898e-01
4.863722324371337891e-01
4.842303991317749023e-01
4.821053445339202881e-01
4.799969792366027832e-01
4.779049754142761230e-01
4.758293330669403076e-01
4.737697839736938477e-01
4.717585444450378418e-01
4.697750210762023926e-01
4.678062796592712402e-01
4.658523201942443848e-01
4.639128744602203369e-01
4.619876742362976074e-01
4.600767195224761963e-01
4.581797719001770020e-01
4.562968313694000244e-01
4.544274210929870605e-01
4.525717496871948242e-01
4.507294297218322754e-01
4.489004313945770264e-01
4.470845758914947510e-01
4.452817738056182861e-01
4.434918165206909180e-01
4.417145252227783203e-01
4.399499595165252686e-01
4.381978511810302734e-01
4.364579319953918457e-01
4.347303807735443115e-01
4.330148398876190186e-01
4.313112795352935791e-01
4.296196401119232178e-01
4.279394745826721191e-01
4.262711107730865479e-01
4.246139824390411377e-01
4.229684770107269287e-01
4.213340580463409424e-01
4.197491705417633057e-01
4.182048439979553223e-01
4.166704416275024414e-01
4.151459038257598877e-01
4.136310517787933350e-01
4.121259450912475586e-01
4.106303155422210693e-01
4.091443121433258057e-01
4.076675772666931152e-01
4.062001705169677734e-01
4.047419726848602295e-01
4.032929539680480957e-01
4.018529057502746582e-01
4.004218280315399170e-01
3.989996910095214844e-01
3.975863754749298096e-01
3.961816430091857910e-01
3.947856426239013672e-01
3.933981657028198242e-01
3.920191228389739990e-01
3.906484842300415039e-01
3.892862200736999512e-01
3.879322111606597900e-01
3.865863382816314697e-01
3.852486014366149902e-01
3.839189410209655762e-01
3.825970888137817383e-01
3.812833130359649658e-01
3.799771964550018311e-01
3.786790072917938232e-01
3.773883879184722900e-01
3.761052787303924561e-01
3.748297989368438721e-01
3.735618889331817627e-01
3.723011910915374756e-01
3.710481226444244385e-01
3.698020279407501221e-01
3.685634434223175049e-01
3.673583567142486572e-01
3.661794066429138184e-01
3.650068640708923340e-01
3.638408184051513672e-01
3.626812100410461426e-01
3.615278601646423340e-01
3.603809177875518799e-01
3.592401146888732910e-01
3.581054806709289551e-01
3.569770455360412598e-01
3.558546304702758789e-01
3.547381162643432617e-01
3.536278307437896729e-01
3.525233268737792969e-01
3.514247536659240723e-01
3.503319621086120605e-01
3.492451012134552002e-01
3.481638729572296143e-01
3.470884263515472412e-01
3.460185527801513672e-01
3.449543416500091553e-01
3.438956737518310547e-01
3.428426384925842285e-01
3.417950570583343506e-01
3.407528102397918701e-01
3.397160172462463379e-01
3.386846184730529785e-01
3.376585543155670166e-01
3.366378247737884521e-01
3.356222212314605713e-01
3.346118330955505371e-01
3.336065709590911865e-01
3.326065540313720703e-01
3.316115140914916992e-01
3.306216001510620117e-01
3.296366035938262939e-01
3.286567032337188721e-01
3.276815414428710938e-01
3.267115652561187744e-01
3.257461786270141602e-01
3.247856497764587402e-01
3.238300681114196777e-01
3.228790163993835449e-01
3.219327926635742188e-01
3.209912776947021484e-01
3.200544416904449463e-01
3.191221356391906738e-01
3.181944489479064941e-01
3.172712326049804688e-01
3.163526654243469238e-01
3.154399693012237549e-01
3.145874142646789551e-01
3.137387633323669434e-01
3.128939270973205566e-01
3.120529055595397949e-01
3.112155497074127197e-01
3.103818595409393311e-01
3.095520436763763428e-01
3.087258338928222656e-01
3.079032599925994873e-01
3.070844113826751709e-01
3.062691092491149902e-01
3.054573237895965576e-01
3.046491742134094238e-01
3.038445413112640381e-01
3.030434548854827881e-01
3.022458553314208984e-01
3.014518022537231445e-01
3.006610274314880371e-01
2.998737692832946777e-01
2.990898787975311279e-01
2.983094751834869385e-01
2.975323796272277832e-01
2.967585623264312744e-01
2.959881424903869629e-01
2.952210605144500732e-01
2.944571375846862793e-01
2.936965227127075195e-01
2.929391860961914062e-01
2.921850681304931641e-01
2.914340496063232422e-01
2.906862795352935791e-01
2.899416983127593994e-01
2.892001867294311523e-01
2.884618341922760010e-01
2.877265810966491699e-01
2.869944572448730469e-01
2.862652242183685303e-01
2.855391800403594971e-01
2.848161160945892334e-01
2.840960621833801270e-01
2.833789587020874023e-01
2.826648950576782227e-01
2.819537520408630371e-01
2.812454700469970703e-01
2.805401682853698730e-01
2.798377275466918945e-01
2.791382372379302979e-01
2.784415483474731445e-01
2.777477800846099854e-01
2.770567834377288818e-01
2.763685286045074463e-01
2.756831049919128418e-01
2.750004827976226807e-01
2.743206918239593506e-01
2.736435532569885254e-01
2.729691863059997559e-01
2.722975015640258789e-01
2.716285288333892822e-01
2.709622085094451904e-01
2.702985107898712158e-01
2.696375250816345215e-01
2.689791917800903320e-01
2.683233916759490967e-01
2.676703333854675293e-01
2.670196890830993652e-01
2.663716971874237061e-01
2.657263576984405518e-01
2.650834321975708008e-01
2.644430100917816162e-01
2.638051211833953857e-01
2.631698250770568848e-01
2.625545263290405273e-01
2.619558274745941162e-01
2.613592743873596191e-01
2.607648968696594238e-01
2.601727247238159180e-01
2.595827281475067139e-01
2.589948475360870361e-01
2.584090828895568848e-01
2.578254044055938721e-01
2.572438716888427734e-01
2.566644251346588135e-01
2.560870647430419922e-01
2.555118203163146973e-01
2.549385428428649902e-01
2.543673813343048096e-01
2.537982761859893799e-01
2.532311677932739258e-01
2.526660859584808350e-01
2.521030008792877197e-01
2.515419423580169678e-01
2.509828209877014160e-01
2.504257261753082275e-01
2.498705685138702393e-01
2.493173927068710327e-01
2.487662136554718018e-01
2.482168823480606079e-01
2.476694881916046143e-01
2.471240609884262085e-01
2.465805113315582275e-01
2.460388690233230591e-01
2.454990893602371216e-01
2.449612170457839966e-01
2.444252222776412964e-01
2.438910603523254395e-01
2.433587461709976196e-01
2.428282797336578369e-01
2.422996610403060913e-01
2.417728900909423828e-01
2.412478625774383545e-01
2.407246679067611694e-01
2.402032911777496338e-01
2.396836876869201660e-01
2.391658723354339600e-01
2.386497706174850464e-01
2.381354719400405884e-01
2.376229166984558105e-01
2.371120601892471313e-01
2.366029620170593262e-01
2.360956519842147827e-01
2.355899810791015625e-01
2.350860685110092163e-01
2.345838397741317749e-01
2.340832650661468506e-01
2.335843741893768311e-01
2.330872267484664917e-01
2.325916886329650879e-01
2.320978045463562012e-01
2.316056042909622192e-01
2.311150282621383667e-01
2.306260466575622559e-01
2.301387488842010498e-01
2.296530902385711670e-01
2.291689366102218628e-01
2.286864817142486572e-01
2.282055616378784180e-01
2.277262657880783081e-01
2.272485345602035522e-01
2.267723828554153442e-01
2.262977510690689087e-01
2.258247584104537964e-01
2.253532558679580688e-01
2.248833030462265015e-01
2.244148552417755127e-01
2.239479869604110718e-01
2.234826087951660156e-01
2.230187505483627319e-01
2.225564271211624146e-01
2.220955342054367065e-01
2.216361910104751587e-01
2.211783230304718018e-01
2.207218706607818604e-01
2.202669382095336914e-01
2.198134660720825195e-01
2.193614691495895386e-01
2.189109176397323608e-01
2.184617668390274048e-01
2.180141061544418335e-01
2.175678461790084839e-01
2.171230018138885498e-01
2.166796177625656128e-01
2.162375599145889282e-01
2.157969772815704346e-01
2.153577357530593872e-01
2.149199396371841431e-01
2.144834995269775391e-01
2.140484154224395752e-01
2.136147469282150269e-01
2.131824046373367310e-01
2.127514481544494629e-01
2.123218178749084473e-01
2.118935436010360718e-01
2.114666402339935303e-01
2.110410183668136597e-01
2.106167525053024292e-01
2.101990133523941040e-01
2.097965329885482788e-01
2.093951851129531860e-01
2.089950889348983765e-01
2.085960805416107178e-01
2.081982791423797607e-01
2.078015804290771484e-01
2.074061185121536255e-01
2.070117145776748657e-01
2.066185325384140015e-01
2.062263786792755127e-01
2.058354765176773071e-01
2.054456770420074463e-01
2.050569653511047363e-01
2.046694010496139526e-01
2.042828947305679321e-01
2.038975656032562256e-01
2.035132795572280884e-01
2.031301409006118774e-01
2.027481049299240112e-01
2.023671567440032959e-01
2.019872367382049561e-01
2.016084939241409302e-01
2.012307494878768921e-01
2.008541077375411987e-01
2.004785686731338501e-01
2.001040279865264893e-01
1.997305750846862793e-01
1.993581950664520264e-01
1.989868283271789551e-01
1.986165791749954224e-01
1.982472985982894897e-01
1.978790909051895142e-01
1.975119113922119141e-01
1.971457451581954956e-01
1.967806220054626465e-01
1.964165419340133667e-01
1.960534155368804932e-01
1.956913620233535767e-01
1.953303217887878418e-01
1.949702650308609009e-01
1.946112215518951416e-01
1.942531466484069824e-01
1.938960701227188110e-01
1.935399919748306274e-01
1.931849271059036255e-01
1.928308159112930298e-01
1.924776881933212280e-01
1.921255588531494141e-01
1.917743235826492310e-01
1.914241164922714233e-01
1.910748779773712158e-01
1.907265335321426392e-01
1.903792470693588257e-01
1.900328397750854492e-01
1.896873861551284790e-01
1.893428564071655273e-01
1.889993250370025635e-01
1.886566728353500366e-01
1.883149892091751099e-01
1.879742443561553955e-01
1.876343637704849243e-01
1.872954368591308594e-01
1.869574338197708130e-01
1.866203695535659790e-01
1.862841695547103882e-01
1.859488934278488159e-01
1.856145113706588745e-01
1.852810233831405640e-01
1.849484741687774658e-01
1.846167892217636108e-01
1.842860132455825806e-01
1.839560866355895996e-01
1.836270838975906372e-01
1.832989305257797241e-01
1.829716563224792480e-01
1.826452761888504028e-01
1.823197156190872192e-01
1.819950640201568604e-01
1.816712617874145508e-01
1.813483238220214844e-01
1.810262203216552734e-01
1.807050108909606934e-01
1.803846508264541626e-01
1.800651103258132935e-01
1.797464340925216675e-01
1.794285476207733154e-01
1.791115254163742065e-01
1.787953376770019531e-01
1.784799844026565552e-01
1.781654506921768188e-01
1.778517365455627441e-01
1.775388717651367188e-01
1.772267818450927734e-01
1.769155710935592651e-01
1.766051203012466431e-01
1.762955039739608765e-01
1.759866625070571899e-01
1.756786257028579712e-01
1.753714233636856079e-01
1.750649660825729370e-01
1.747593432664871216e-01
1.744545102119445801e-01
1.741504371166229248e-01
1.738472133874893188e-01
1.735447049140930176e-01
1.732429862022399902e-01
1.729420572519302368e-01
1.726418882608413696e-01
1.723425090312957764e-01
1.720438748598098755e-01
1.717460155487060547e-01
1.714489310979843140e-01
1.711525768041610718e-01
1.708569973707199097e-01
1.705621629953384399e-01
1.702681183815002441e-01
1.699747741222381592e-01
1.696821749210357666e-01
1.693903505802154541e-01
1.690992414951324463e-01
1.688088625669479370e-01
1.685192584991455078e-01
1.682303398847579956e-01
1.679421514272689819e-01
1.676547378301620483e-01
1.673680394887924194e-01
1.670820266008377075e-01
1.667967587709426880e-01
1.665121912956237793e-01
1.662283241748809814e-01
1.659452021121978760e-01
1.656627655029296875e-01
1.653810441493988037e-01
1.651000082492828369e-01
1.648197174072265625e-01
1.645400673151016235e-01
1.642611622810363770e-01
1.639829128980636597e-01
1.637054234743118286e-01
1.634285449981689453e-01
1.631523519754409790e-01
1.628768742084503174e-01
1.626020520925521851e-01
1.623279601335525513e-01
1.620544642210006714e-01
1.617816984653472900e-01
1.615096032619476318e-01
1.612381786108016968e-01
1.609674245119094849e-01
1.606973111629486084e-01
1.604278236627578735e-01
1.601590514183044434e-01
1.598909795284271240e-01
1.596234589815139771e-01
1.593566983938217163e-01
1.590905040502548218e-01
1.588249951601028442e-01
1.585601121187210083e-01
1.582958847284317017e-01
1.580322831869125366e-01
1.577693670988082886e-01
1.575192958116531372e-01
1.572718173265457153e-01
1.570248603820800781e-01
1.567785292863845825e-01
1.565326899290084839e-01
1.562874466180801392e-01
1.560427397489547729e-01
1.557985544204711914e-01
1.555549353361129761e-01
1.553118377923965454e-01
1.550693064928054810e-01
1.548272818326950073e-01
1.545858085155487061e-01
1.543448716402053833e-01
1.541044563055038452e-01
1.538646221160888672e-01
1.536252498626708984e-01
1.533864289522171021e-01
1.531481593847274780e-01
1.529103815555572510e-01
1.526731401681900024e-01
1.524364203214645386e-01
1.522001922130584717e-01
1.519645452499389648e-01
1.517293751239776611e-01
1.514947414398193359e-01
1.512606143951416016e-01
1.510269492864608765e-01
1.507938653230667114e-01
1.505612730979919434e-01
1.503291577100753784e-01
1.500975787639617920e-01
1.498664766550064087e-01
1.496358960866928101e-01
1.494058072566986084e-01
1.491762250661849976e-01
1.489471495151519775e-01
1.487185657024383545e-01
1.484904587268829346e-01
1.482628285884857178e-01
1.480357497930526733e-01
1.478091478347778320e-01
1.475830078125000000e-01
1.473573744297027588e-01
1.471322029829025269e-01
1.469075232744216919e-01
1.466833353042602539e-01
1.464596390724182129e-01
1.462364196777343750e-01
1.460136622190475464e-01
1.457913964986801147e-01
1.455695629119873047e-01
1.453482955694198608e-01
1.451274454593658447e-01
1.449070423841476440e-01
1.446871757507324219e-01
1.444676965475082397e-01
1.442487388849258423e-01
1.440302133560180664e-01
1.438121944665908813e-01
1.435946226119995117e-01
1.433774828910827637e-01
1.431608200073242188e-01
1.429446488618850708e-01
1.427289098501205444e-01
1.425136327743530273e-01
1.422987729310989380e-01
1.420844197273254395e-01
1.418704837560653687e-01
1.416570246219635010e-01
1.414439976215362549e-01
1.412314325571060181e-01
1.410192996263504028e-01
1.408076137304306030e-01
1.405963450670242310e-01
1.403855830430984497e-01
