0.000000000000000000e+00
0.000000000000000000e+00
0.000000000000000000e+00
0.000000000000000000e+00
0.000000000000000000e+00
0.000000000000000000e+00
0.000000000000000000e+00
0.000000000000000000e+00
0.000000000000000000e+00
0.000000000000000000e+00
0.000000000000000000e+00
0.000000000000000000e+00
0.000000000000000000e+00
0.000000000000000000e+00
0.000000000000000000e+00
0.000000000000000000e+00
0.000000000000000000e+00
0.000000000000000000e+00
0.000000000000000000e+00
0.000000000000000000e+00
0.000000000000000000e+00
0.000000000000000000e+00
0.000000000000000000e+00
0.000000000000000000e+00
0.000000000000000000e+00
0.000000000000000000e+00
0.000000000000000000e+00
0.000000000000000000e+00
0.000000000000000000e+00
0.000000000000000000e+00
0.000000000000000000e+00
0.000000000000000000e+00
0.000000000000000000e+00
0.000000000000000000e+00
0.000000000000000000e+00
0.000000000000000000e+00
0.000000000000000000e+00
0.000000000000000000e+00
0.000000000000000000e+00
0.000000000000000000e+00
0.000000000000000000e+00
0.000000000000000000e+00
0.000000000000000000e+00
0.000000000000000000e+00
0.000000000000000000e+00
0.000000000000000000e+00
0.000000000000000000e+00
0.000000000000000000e+00
0.000000000000000000e+00
0.000000000000000000e+00
0.000000000000000000e+00
8.564757555723190308e-02
2.638992369174957275e-01
3.770274221897125244e-01
4.486522376537322998e-01
4.967804849147796631e-01
5.315992832183837891e-01
5.585109591484069824e-01
5.804012417793273926e-01
5.988706350326538086e-01
6.148569583892822266e-01
6.289460659027099609e-01
6.415273547172546387e-01
6.528749465942382812e-01
6.631906628608703613e-01
6.726290583610534668e-01
6.813114285469055176e-01
6.893355846405029297e-01
6.967810988426208496e-01
7.037143707275390625e-01
7.101909518241882324e-01
7.162580490112304688e-01
7.219558954238891602e-01
7.273192405700683594e-01
7.323784232139587402e-01
7.371596693992614746e-01
7.416861653327941895e-01
7.459784746170043945e-01
7.500546574592590332e-01
7.539309859275817871e-01
7.576218247413635254e-01
7.611404061317443848e-01
7.644984126091003418e-01
7.677065134048461914e-01
7.707743048667907715e-01
7.737106084823608398e-01
7.765234708786010742e-01
7.792203426361083984e-01
7.818078398704528809e-01
7.842922806739807129e-01
7.866792678833007812e-01
7.889741063117980957e-01
7.911817431449890137e-01
7.933067083358764648e-01
7.953532934188842773e-01
7.973253130912780762e-01
7.992265224456787109e-01
8.010601401329040527e-01
8.028295040130615234e-01
8.045375943183898926e-01
8.061872124671936035e-01
8.077809810638427734e-01
8.093213438987731934e-01
8.108106851577758789e-01
8.122510910034179688e-01
8.136447072029113770e-01
8.149934411048889160e-01
8.162992000579833984e-01
8.175635933876037598e-01
8.187884092330932617e-01
8.199751973152160645e-01
8.211253285408020020e-01
8.222402334213256836e-01
8.233214020729064941e-01
8.243699669837951660e-01
8.253870606422424316e-01
8.263739943504333496e-01
8.273319005966186523e-01
8.282616138458251953e-01
8.291643261909484863e-01
8.300408720970153809e-01
8.308922052383422852e-01
8.317192196846008301e-01
8.325226902961730957e-01
8.333034515380859375e-01
8.340621590614318848e-01
8.347997665405273438e-01
8.355168104171752930e-01
8.362140059471130371e-01
8.368919491767883301e-01
8.375512957572937012e-01
8.381926417350769043e-01
8.388165831565856934e-01
8.394236564636230469e-01
8.400143384933471680e-01
8.405891656875610352e-01
8.411486148834228516e-01
8.416931629180908203e-01
8.422233462333679199e-01
8.427394628524780273e-01
8.432419896125793457e-01
8.437312841415405273e-01
8.442078232765197754e-01
8.446720242500305176e-01
8.451240062713623047e-01
8.455644845962524414e-01
8.459934592247009277e-01
8.464114069938659668e-01
8.468186855316162109e-01
8.472155332565307617e-01
8.476022481918334961e-01
8.479791879653930664e-01
8.483464121818542480e-01
8.487044572830200195e-01
8.490534424781799316e-01
8.493936657905578613e-01
8.497252464294433594e-01
8.500486612319946289e-01
8.503638505935668945e-01
8.506712913513183594e-01
8.509711027145385742e-01
8.512633442878723145e-01
8.515484333038330078e-01
8.518264889717102051e-01
8.520976305007934570e-01
8.523620963096618652e-01
8.526200652122497559e-01
8.528717160224914551e-01
8.531172871589660645e-01
8.533567190170288086e-01
8.535904288291931152e-01
8.538183569908142090e-01
8.540407419204711914e-01
8.542577624320983887e-01
8.544695377349853516e-01
8.546761274337768555e-01
8.548777103424072266e-01
8.550744652748107910e-01
8.552665710449218750e-01
8.554538488388061523e-01
8.556368350982666016e-01
8.558153510093688965e-01
8.559895753860473633e-01
8.561596870422363281e-01
8.563256263732910156e-01
8.564876914024353027e-01
8.566458225250244141e-01
8.568002581596374512e-01
8.569510579109191895e-01
8.570982217788696289e-01
8.572418689727783203e-01
8.573821187019348145e-01
8.575190901756286621e-01
8.576527833938598633e-01
8.577833175659179688e-01
8.579108119010925293e-01
8.580353260040283203e-01
8.581567406654357910e-01
8.582754135131835938e-01
8.583914041519165039e-01
8.585045337677001953e-01
8.586150407791137695e-01
8.587228655815124512e-01
8.588283061981201172e-01
8.589313030242919922e-01
8.590317368507385254e-01
8.591299057006835938e-01
8.592258691787719727e-01
8.593195080757141113e-01
8.594108819961547852e-01
8.595002889633178711e-01
8.595875501632690430e-01
8.596727848052978516e-01
8.597561120986938477e-01
8.598372936248779297e-01
8.599167466163635254e-01
8.599943518638610840e-01
8.600701689720153809e-01
8.601441979408264160e-01
8.602165579795837402e-01
8.602871298789978027e-01
8.603562116622924805e-01
8.604236841201782227e-01
8.604895472526550293e-01
8.605539202690124512e-01
8.606167435646057129e-01
8.606782555580139160e-01
8.607382774353027344e-01
8.607969284057617188e-01
8.608542084693908691e-01
8.609101772308349609e-01
8.609649538993835449e-01
8.610184192657470703e-01
8.610706329345703125e-01
8.611215949058532715e-01
8.611715435981750488e-01
8.612202405929565430e-01
8.612678050994873047e-01
8.613143563270568848e-01
8.613598942756652832e-01
8.614042997360229492e-01
8.614476323127746582e-01
8.614901304244995117e-01
8.615316152572631836e-01
8.615720868110656738e-01
8.616117238998413086e-01
8.616504073143005371e-01
8.616882562637329102e-01
8.617251515388488770e-01
8.617613315582275391e-01
8.617966175079345703e-01
8.388232588768005371e-01
8.166280984878540039e-01
7.951911091804504395e-01
7.744930386543273926e-01
7.545147538185119629e-01
7.352368831634521484e-01
7.166417241096496582e-01
6.987110972404479980e-01
6.814265847206115723e-01
6.647689342498779297e-01
6.487188935279846191e-01
6.332585811614990234e-01
6.183692812919616699e-01
6.040323972702026367e-01
5.902336835861206055e-01
5.769559144973754883e-01
5.641815066337585449e-01
5.518926382064819336e-01
5.400720834732055664e-01
5.287039279937744141e-01
5.177745223045349121e-01
5.072680115699768066e-01
4.971693456172943115e-01
4.874636530876159668e-01
4.781350493431091309e-01
4.691684544086456299e-01
4.605487287044525146e-01
4.522618949413299561e-01
4.442941546440124512e-01
4.366322755813598633e-01
4.292629659175872803e-01
4.221737086772918701e-01
4.153539538383483887e-01
4.087928533554077148e-01
4.024782180786132812e-01
3.964003622531890869e-01
3.905502259731292725e-01
3.849164843559265137e-01
3.794899880886077881e-01
3.742611110210418701e-01
3.692205250263214111e-01
3.643594384193420410e-01
3.596693277359008789e-01
3.551436960697174072e-01
3.507746458053588867e-01
3.465543687343597412e-01
3.424765765666961670e-01
3.385359644889831543e-01
3.347269296646118164e-01
3.310443162918090820e-01
3.274821043014526367e-01
3.240336179733276367e-01
3.206939101219177246e-01
3.174618184566497803e-01
3.143298923969268799e-01
3.112939000129699707e-01
3.083490431308746338e-01
3.054920732975006104e-01
3.027181029319763184e-01
3.000230193138122559e-01
2.974028289318084717e-01
2.948541045188903809e-01
2.923728823661804199e-01
2.899558246135711670e-01
2.876005172729492188e-01
2.853079140186309814e-01
2.830731868743896484e-01
2.808939814567565918e-01
2.787672281265258789e-01
2.766903638839721680e-01
2.746610343456268311e-01
2.726773023605346680e-01
2.707369327545166016e-01
2.688387632369995117e-01
2.669809162616729736e-01
2.651616930961608887e-01
2.633789479732513428e-01
2.616315186023712158e-01
2.599176168441772461e-01
2.582355141639709473e-01
2.565837502479553223e-01
2.549608647823333740e-01
2.533658146858215332e-01
2.517990767955780029e-01
2.502586543560028076e-01
2.487433701753616333e-01
2.472521364688873291e-01
2.457847744226455688e-01
2.443418055772781372e-01
2.429242730140686035e-01
2.415295392274856567e-01
2.401567995548248291e-01
2.388050407171249390e-01
2.374733090400695801e-01
2.361607998609542847e-01
2.348669171333312988e-01
2.335907518863677979e-01
2.323316335678100586e-01
2.310888916254043579e-01
2.298623025417327881e-01
2.286518514156341553e-01
2.274611741304397583e-01
2.262891530990600586e-01
2.251338660717010498e-01
2.239945381879806519e-01
2.228703796863555908e-01
2.217606902122497559e-01
2.206648439168930054e-01
2.195822745561599731e-01
2.185125052928924561e-01
2.174549847841262817e-01
2.164092957973480225e-01
2.153750061988830566e-01
2.143518179655075073e-01
2.133395075798034668e-01
2.123376280069351196e-01
2.113458961248397827e-01
2.103639990091323853e-01
2.093916535377502441e-01
2.084286361932754517e-01
2.074746936559677124e-01
2.065296620130538940e-01
2.055933326482772827e-01
2.046654820442199707e-01
2.037464976310729980e-01
2.028362900018692017e-01
2.019345760345458984e-01
2.010410726070404053e-01
2.001555711030960083e-01
1.992797404527664185e-01
1.984127908945083618e-01
1.975541859865188599e-01
1.967037320137023926e-01
1.958611458539962769e-01
1.950261592864990234e-01
1.941985785961151123e-01
1.933782100677490234e-01
1.925648450851440430e-01
1.917583495378494263e-01
1.909585297107696533e-01
1.901652812957763672e-01
1.893784105777740479e-01
1.885978579521179199e-01
1.878244131803512573e-01
1.870584040880203247e-01
1.862991154193878174e-01
1.855463236570358276e-01
1.847998201847076416e-01
1.840594559907913208e-01
1.833250522613525391e-01
1.825964897871017456e-01
1.818736195564270020e-01
1.811563074588775635e-01
1.804444640874862671e-01
1.797392815351486206e-01
1.790418326854705811e-01
1.783510148525238037e-01
1.776665896177291870e-01
1.769881844520568848e-01
1.763159483671188354e-01
1.756500899791717529e-01
1.749899983406066895e-01
1.743354201316833496e-01
1.736861467361450195e-01
1.730419993400573730e-01
1.724027842283248901e-01
1.717684119939804077e-01
1.711387038230895996e-01
1.705135554075241089e-01
1.698930710554122925e-01
1.692782342433929443e-01
1.686685085296630859e-01
1.680635362863540649e-01
1.674631386995315552e-01
1.668671816587448120e-01
1.662755310535430908e-01
1.656880229711532593e-01
1.651045978069305420e-01
1.645251363515853882e-01
1.639495491981506348e-01
1.633777618408203125e-01
1.628101319074630737e-01
1.622475087642669678e-01
1.616891771554946899e-01
1.611349135637283325e-01
1.605845987796783447e-01
1.600380986928939819e-01
1.594953238964080811e-01
1.589561551809310913e-01
1.584204882383346558e-01
1.578882485628128052e-01
1.573593914508819580e-01
1.568341553211212158e-01
1.563131362199783325e-01
1.557962596416473389e-01
1.552830785512924194e-01
1.547736078500747681e-01
1.542676836252212524e-01
1.537651419639587402e-01
1.532658785581588745e-01
1.527697741985321045e-01
1.522767841815948486e-01
1.517867892980575562e-01
1.512997597455978394e-01
1.508156210184097290e-01
1.503342986106872559e-01
1.498557925224304199e-01
1.493800282478332520e-01
1.489069759845733643e-01
1.484365612268447876e-01
1.479688137769699097e-01
1.475040465593338013e-01
1.470421105623245239e-01
1.465828865766525269e-01
1.461263149976730347e-01
1.456727832555770874e-01
1.452220678329467773e-01
1.447739899158477783e-01
1.443285495042800903e-01
1.438857614994049072e-01
1.434458047151565552e-01
1.430084556341171265e-01
1.425742208957672119e-01
1.421434134244918823e-01
1.417154967784881592e-01
1.412903070449829102e-01
1.408677548170089722e-01
1.404477506875991821e-01
1.400301903486251831e-01
1.396150141954421997e-01
1.392024010419845581e-01
1.387931704521179199e-01
1.383868604898452759e-01
1.379831582307815552e-01
1.375820040702819824e-01
1.371832340955734253e-01
1.367867738008499146e-01
1.363925188779830933e-01
1.360004395246505737e-01
1.356104612350463867e-01
1.352227628231048584e-01
1.348372548818588257e-01
1.344539374113082886e-01
1.340727359056472778e-01
1.336935758590698242e-01
1.333164125680923462e-01
1.329411864280700684e-01
1.325680911540985107e-01
1.321969628334045410e-01
1.318277716636657715e-01
1.314604729413986206e-01
1.310950368642807007e-01
1.307323724031448364e-01
1.303732246160507202e-01
1.300169974565505981e-01
1.296632736921310425e-01
1.293118596076965332e-01
1.289626061916351318e-01
1.286157667636871338e-01
1.282709836959838867e-01
1.279281824827194214e-01
1.275872439146041870e-01
1.272480934858322144e-01
1.269108355045318604e-01
1.265753954648971558e-01
1.262417286634445190e-01
1.259098201990127563e-01
1.255795210599899292e-01
1.252508312463760376e-01
1.249236986041069031e-01
1.245980635285377502e-01
1.242739558219909668e-01
1.239513903856277466e-01
1.236314326524734497e-01
1.233141869306564331e-01
1.229990795254707336e-01
1.226858645677566528e-01
1.223744228482246399e-01
1.220646873116493225e-01
1.217565238475799561e-01
1.214498803019523621e-01
1.211446970701217651e-01
1.208409443497657776e-01
1.205385476350784302e-01
1.202374920248985291e-01
1.199377477169036865e-01
1.196392774581909180e-01
1.193420886993408203e-01
1.190461665391921997e-01
1.187523156404495239e-01
1.184601187705993652e-01
1.181693822145462036e-01
1.178800761699676514e-01
1.175921037793159485e-01
1.173054277896881104e-01
1.170200109481811523e-01
1.167360395193099976e-01
1.164533719420433044e-01
1.161719113588333130e-01
1.158916652202606201e-01
1.156126037240028381e-01
1.153346896171569824e-01
1.150579228997230530e-01
1.147822588682174683e-01
1.145076975226402283e-01
1.142343953251838684e-01
1.139625608921051025e-01
1.136919483542442322e-01
1.134225279092788696e-01
1.131542399525642395e-01
1.128870770335197449e-01
1.126209944486618042e-01
1.123559921979904175e-01
1.120920702815055847e-01
1.118291839957237244e-01
1.115673258900642395e-01
1.113064810633659363e-01
1.110466495156288147e-01
1.107878163456916809e-01
1.105299815535545349e-01
1.102731525897979736e-01
1.100174039602279663e-01
1.097628697752952576e-01
1.095093935728073120e-01
1.092575341463088989e-01
1.090074554085731506e-01
1.087586954236030579e-01
1.085111722350120544e-01
1.082647964358329773e-01
1.080195084214210510e-01
1.077752485871315002e-01
1.075319945812225342e-01
1.072897091507911682e-01
1.070483773946762085e-01
1.068079471588134766e-01
1.065684258937835693e-01
1.063298061490058899e-01
1.060920506715774536e-01
1.058551818132400513e-01
1.056191548705101013e-01
1.053839921951293945e-01
1.051496788859367371e-01
1.049162149429321289e-01
1.046838164329528809e-01
1.044523119926452637e-01
1.042217090725898743e-01
1.039919629693031311e-01
1.037630587816238403e-01
1.035349965095520020e-01
1.033077389001846313e-01
1.030813008546829224e-01
1.028556823730468750e-01
1.026308685541152954e-01
1.024068519473075867e-01
1.021836102008819580e-01
1.019611656665802002e-01
1.017394885420799255e-01
1.015185862779617310e-01
1.012984290719032288e-01
1.010793969035148621e-01
1.008617058396339417e-01
1.006450206041336060e-01
1.004292592406272888e-01
1.002144366502761841e-01
1.000007614493370056e-01
9.978799521923065186e-02
9.957611560821533203e-02
9.936510771512985229e-02
9.915491193532943726e-02
9.894549101591110229e-02
9.873683750629425049e-02
9.852891415357589722e-02
9.832171350717544556e-02
9.811522811651229858e-02
9.790944308042526245e-02
9.770436584949493408e-02
9.750001132488250732e-02
9.729635715484619141e-02
9.709338843822479248e-02
9.689109772443771362e-02
9.668947756290435791e-02
9.648852795362472534e-02
9.628823399543762207e-02
9.608859568834304810e-02
9.588962048292160034e-02
9.569128602743148804e-02
9.549359977245330811e-02
9.529655426740646362e-02
9.510013461112976074e-02
9.490435570478439331e-02
9.470967203378677368e-02
9.451574832201004028e-02
9.432256221771240234e-02
9.413006901741027832e-02
9.393825381994247437e-02
9.374710172414779663e-02
9.355676919221878052e-02
9.336718171834945679e-02
9.317827224731445312e-02
9.299001097679138184e-02
9.280247986316680908e-02
9.261571615934371948e-02
9.242960810661315918e-02
9.224425256252288818e-02
9.205958992242813110e-02
9.187556803226470947e-02
9.169217944145202637e-02
9.150939434766769409e-02
9.132719784975051880e-02
9.114565700292587280e-02
9.096504747867584229e-02
9.078515321016311646e-02
9.060589969158172607e-02
9.042727202177047729e-02
9.024924039840698242e-02
9.007179737091064453e-02
8.989491313695907593e-02
8.971858769655227661e-02
8.954282104969024658e-02
8.936757594347000122e-02
8.919289708137512207e-02
8.901873230934143066e-02
8.884509652853012085e-02
8.867198973894119263e-02
8.849941194057464600e-02
8.832734823226928711e-02
8.815579116344451904e-02
8.798477053642272949e-02
8.781424164772033691e-02
8.764454722404479980e-02
8.747545629739761353e-02
8.730693161487579346e-02
8.713896572589874268e-02
8.697153627872467041e-02
8.680462092161178589e-02
8.663821965456008911e-02
8.647231757640838623e-02
8.630692213773727417e-02
8.614201843738555908e-02
8.597759902477264404e-02
8.581365644931793213e-02
8.565019816160202026e-02
8.548722416162490845e-02
8.532472699880599976e-02
8.516269177198410034e-02
8.500113338232040405e-02
8.484004437923431396e-02
8.467943221330642700e-02
8.451926708221435547e-02
8.435966074466705322e-02
8.420056104660034180e-02
8.404194563627243042e-02
8.388379961252212524e-02
8.372613042593002319e-02
8.356922119855880737e-02
8.341311663389205933e-02
8.325760066509246826e-02
8.310262113809585571e-02
8.294820040464401245e-02
8.279430121183395386e-02
8.264087885618209839e-02
8.248792588710784912e-02
8.233541995286941528e-02
8.218336850404739380e-02
8.203175663948059082e-02
8.188058435916900635e-02
8.172982186079025269e-02
8.157949149608612061e-02
8.142958581447601318e-02
8.128010481595993042e-02
8.113103359937667847e-02
8.098237961530685425e-02
8.083413541316986084e-02
8.068630099296569824e-02
8.053887635469436646e-02
8.039188385009765625e-02
8.024542033672332764e-02
8.009938895702362061e-02
7.995396852493286133e-02
7.980903238058090210e-02
7.966454327106475830e-02
7.952050119638442993e-02
7.937686145305633545e-02
7.923364639282226562e-02
7.909082621335983276e-02
7.894840091466903687e-02
7.880637794733047485e-02
7.866472750902175903e-02
7.852347195148468018e-02
7.838260382413864136e-02
7.824210822582244873e-02
7.810200005769729614e-02
7.796225696802139282e-02
7.782290130853652954e-02
7.768391072750091553e-02
7.754528522491455078e-02
7.740704715251922607e-02
7.726915925741195679e-02
7.713164389133453369e-02
7.699450850486755371e-02
7.685772329568862915e-02
7.672129571437835693e-02
7.658525556325912476e-02
7.644955813884735107e-02
7.631421834230422974e-02
7.617924362421035767e-02
7.604461908340454102e-02
7.591041922569274902e-02
7.577659189701080322e-02
7.564312219619750977e-02
7.551011443138122559e-02
7.537754625082015991e-02
7.524535804986953735e-02
7.511354237794876099e-02
7.498208433389663696e-02
7.485104352235794067e-02
7.472036033868789673e-02
7.459004968404769897e-02
7.446008175611495972e-02
7.433045655488967896e-02
7.420117408037185669e-02
7.407222688198089600e-02
7.394361495971679688e-02
7.381533831357955933e-02
7.368808239698410034e-02
7.356139272451400757e-02
7.343516498804092407e-02
7.330935448408126831e-02
7.318393141031265259e-02
7.305895537137985229e-02
7.293432950973510742e-02
7.281054556369781494e-02
7.268740981817245483e-02
7.256472855806350708e-02
7.244246453046798706e-02
7.232058048248291016e-02
7.219904661178588867e-02
7.207783311605453491e-02
7.195696234703063965e-02
7.183638960123062134e-02
7.171612977981567383e-02
7.159617543220520020e-02
7.147651910781860352e-02
7.135716080665588379e-02
7.123809307813644409e-02
7.111932337284088135e-02
7.100083678960800171e-02
7.088264077901840210e-02
7.076473534107208252e-02
7.064712047576904297e-02
7.052978128194808960e-02
7.041272521018981934e-02
7.029595971107482910e-02
7.017947733402252197e-02
7.006327062845230103e-02
6.994734704494476318e-02
6.983169913291931152e-02
6.971633434295654297e-02
6.960124522447586060e-02
6.948642432689666748e-02
6.937188655138015747e-02
6.925761699676513672e-02
6.914363056421279907e-02
6.902990490198135376e-02
6.891650706529617310e-02
6.880339235067367554e-02
6.869057565927505493e-02
6.857803463935852051e-02
6.846575438976287842e-02
6.835374236106872559e-02
6.824200600385665894e-02
6.813053786754608154e-02
6.801933050155639648e-02
6.790837645530700684e-02
6.779771298170089722e-02
6.768728792667388916e-02
6.757713109254837036e-02
6.746722757816314697e-02
6.735767424106597900e-02
6.724866479635238647e-02
6.713999062776565552e-02
6.703162193298339844e-02
6.692354381084442139e-02
6.681574136018753052e-02
6.670820713043212891e-02
6.660094112157821655e-02
6.649392098188400269e-02
6.638722121715545654e-02
6.628114730119705200e-02
6.617542356252670288e-02
6.606999784708023071e-02
6.596487015485763550e-02
6.586003303527832031e-02
6.575556844472885132e-02
6.565139442682266235e-02
6.554747372865676880e-02
6.544381380081176758e-02
6.534041464328765869e-02
6.523725390434265137e-02
6.513432413339614868e-02
6.503164023160934448e-02
6.492917984724044800e-02
6.482701003551483154e-02
6.472509354352951050e-02
6.462343037128448486e-02
6.452200561761856079e-02
6.442081928253173828e-02
6.431984901428222656e-02
6.421912461519241333e-02
6.411862373352050781e-02
6.401833891868591309e-02
6.391828507184982300e-02
6.381846219301223755e-02
6.371885538101196289e-02
6.361946463584899902e-02
6.352029740810394287e-02
6.342135369777679443e-02
6.332262605428695679e-02
6.322411447763442993e-02
6.312582641839981079e-02
6.302774697542190552e-02
6.292989104986190796e-02
6.283225119113922119e-02
6.273482739925384521e-02
6.263761222362518311e-02
6.254061311483383179e-02
6.244383379817008972e-02
6.234728917479515076e-02
6.225096806883811951e-02
6.215487048029899597e-02
6.205907836556434631e-02
6.196351721882820129e-02
6.186818704009056091e-02
6.177308037877082825e-02
6.167818233370780945e-02
6.158350780606269836e-02
6.148902699351310730e-02
6.139476224780082703e-02
6.130069866776466370e-02
6.120683997869491577e-02
6.111318245530128479e-02
6.101972609758377075e-02
6.092648580670356750e-02
6.083343178033828735e-02
6.074058264493942261e-02
6.064793840050697327e-02
6.055548414587974548e-02
6.046323105692863464e-02
6.037118285894393921e-02
