8.617966175079345703e-01
8.388232588768005371e-01
8.166280984878540039e-01
7.951911091804504395e-01
7.744930386543273926e-01
7.545147538185119629e-01
8.151593804359436035e-01
8.414087891578674316e-01
8.527575731277465820e-01
8.576723337173461914e-01
8.598136901855468750e-01
8.366965651512145996e-01
8.143713474273681641e-01
7.928170561790466309e-01
7.720138430595397949e-01
7.519418597221374512e-01
7.325810194015502930e-01
7.139133810997009277e-01
6.959195733070373535e-01
6.785809397697448730e-01
6.618772149085998535e-01
6.457889676094055176e-01
6.302976012229919434e-01
6.153838038444519043e-01
6.010289192199707031e-01
5.872186422348022461e-01
5.739344954490661621e-01
5.611584186553955078e-01
5.488723516464233398e-01
5.370587110519409180e-01
5.257015824317932129e-01
5.147873163223266602e-01
5.042985081672668457e-01
4.942212104797363281e-01
4.845389425754547119e-01
4.752358496189117432e-01
4.662964940071105957e-01
4.577055573463439941e-01
4.494489729404449463e-01
4.415127933025360107e-01
4.338833689689636230e-01
4.265473484992980957e-01
4.194919764995574951e-01
4.127078950405120850e-01
4.061822593212127686e-01
3.999038636684417725e-01
3.938631117343902588e-01
3.880495429039001465e-01
3.824527561664581299e-01
3.770629167556762695e-01
3.718703687191009521e-01
3.668658435344696045e-01
3.620403707027435303e-01
3.573859930038452148e-01
3.528958559036254883e-01
3.485615253448486328e-01
3.443757593631744385e-01
3.403321802616119385e-01
3.364264667034149170e-01
3.326514661312103271e-01
3.290030658245086670e-01
3.254736363887786865e-01
3.220570981502532959e-01
3.187515735626220703e-01
3.155513405799865723e-01
3.124508261680603027e-01
3.094452917575836182e-01
3.065309822559356689e-01
3.037032783031463623e-01
3.009579181671142578e-01
2.982903122901916504e-01
2.956972420215606689e-01
2.931744754314422607e-01
2.907184064388275146e-01
2.883257865905761719e-01
2.859975695610046387e-01
2.837294936180114746e-01
2.815192639827728271e-01
2.793632745742797852e-01
2.772591114044189453e-01
2.752040028572082520e-01
2.731960117816925049e-01
2.712327539920806885e-01
2.693129181861877441e-01
2.674347162246704102e-01
2.655964195728302002e-01
2.637957334518432617e-01
2.620313167572021484e-01
2.603015005588531494e-01
2.586044371128082275e-01
2.569385468959808350e-01
2.553024590015411377e-01
2.536947429180145264e-01
2.521158456802368164e-01
2.505640089511871338e-01
2.490379512310028076e-01
2.475365400314331055e-01
2.460591197013854980e-01
2.446065545082092285e-01
2.431796789169311523e-01
2.417763173580169678e-01
2.403953373432159424e-01
2.390358150005340576e-01
2.376967221498489380e-01
2.363771498203277588e-01
2.350765615701675415e-01
2.337940335273742676e-01
2.325288206338882446e-01
2.312802523374557495e-01
2.300479859113693237e-01
2.288321256637573242e-01
2.276353091001510620e-01
2.264579385519027710e-01
2.252976149320602417e-01
2.241534590721130371e-01
2.230246812105178833e-01
2.219105958938598633e-01
2.208105474710464478e-01
2.197239696979522705e-01
2.186503261327743530e-01
2.175891101360321045e-01
2.165398597717285156e-01
2.155021131038665771e-01
2.144755870103836060e-01
2.134600579738616943e-01
2.124551087617874146e-01
2.114603519439697266e-01
2.104755342006683350e-01
2.095003724098205566e-01
2.085345983505249023e-01
2.075779885053634644e-01
2.066303342580795288e-01
2.056914567947387695e-01
2.047611624002456665e-01
2.038396447896957397e-01
2.029270380735397339e-01
2.020229846239089966e-01
2.011271864175796509e-01
2.002394646406173706e-01
1.993612349033355713e-01
1.984920948743820190e-01
1.976313591003417969e-01
1.967788040637969971e-01
1.959341913461685181e-01
1.950972080230712891e-01
1.942676752805709839e-01
1.934454441070556641e-01
1.926302462816238403e-01
1.918219476938247681e-01
1.910203695297241211e-01
1.902253925800323486e-01
1.894368529319763184e-01
1.886546462774276733e-01
1.878794282674789429e-01
1.871117800474166870e-01
1.863508820533752441e-01
1.855965107679367065e-01
1.848484873771667480e-01
1.841066330671310425e-01
1.833707690238952637e-01
1.826407760381698608e-01
1.819165050983428955e-01
1.811978220939636230e-01
1.804846227169036865e-01
1.797779053449630737e-01
1.790791153907775879e-01
1.783869415521621704e-01
1.777012199163436890e-01
1.770215630531311035e-01
1.763480752706527710e-01
1.756809949874877930e-01
1.750197112560272217e-01
1.743639707565307617e-01
1.737135797739028931e-01
1.730683296918869019e-01
1.724280714988708496e-01
1.717926412820816040e-01
1.711619049310684204e-01
1.705357432365417480e-01
1.699142456054687500e-01
1.692984253168106079e-01
1.686877310276031494e-01
1.680818051099777222e-01
1.674804985523223877e-01
1.668836027383804321e-01
1.662910580635070801e-01
1.657027006149291992e-01
1.651184409856796265e-01
1.645381301641464233e-01
1.639617234468460083e-01
1.633891463279724121e-01
1.628206968307495117e-01
1.622572690248489380e-01
1.616981327533721924e-01
1.611431092023849487e-01
1.605920642614364624e-01
1.600448489189147949e-01
1.595013290643692017e-01
1.589614599943161011e-01
1.584251075983047485e-01
1.578921973705291748e-01
1.573626548051834106e-01
1.568367481231689453e-01
1.563150733709335327e-01
1.557975560426712036e-01
1.552837640047073364e-01
1.547736823558807373e-01
1.542671620845794678e-01
1.537640094757080078e-01
1.532641798257827759e-01
