2.298623025417327881e-01
2.286518514156341553e-01
2.274611741304397583e-01
2.262891530990600586e-01
2.251338660717010498e-01
2.239945381879806519e-01
5.469104051589965820e-01
6.911543011665344238e-01
7.551918029785156250e-01
7.839325666427612305e-01
7.972818613052368164e-01
7.494041323661804199e-01
7.052725553512573242e-01
6.646081209182739258e-01
6.271553039550781250e-01
5.926693677902221680e-01
5.609259009361267090e-01
5.317254662513732910e-01
5.048686861991882324e-01
4.801813364028930664e-01
4.574995934963226318e-01
4.366609752178192139e-01
4.175161421298980713e-01
3.999276459217071533e-01
3.837755024433135986e-01
3.689457178115844727e-01
3.553299605846405029e-01
3.428254723548889160e-01
3.313435018062591553e-01
3.208031952381134033e-01
3.111336231231689453e-01
3.022654354572296143e-01
2.941316366195678711e-01
2.866681814193725586e-01
2.798138558864593506e-01
2.735285162925720215e-01
2.677571475505828857e-01
2.624537646770477295e-01
2.575787007808685303e-01
2.530913650989532471e-01
2.489534914493560791e-01
2.451363205909729004e-01
2.416084706783294678e-01
2.383517622947692871e-01
2.353372871875762939e-01
2.325399816036224365e-01
2.299382537603378296e-01
2.275127470493316650e-01
2.252527177333831787e-01
2.231459617614746094e-01
2.211726754903793335e-01
2.193189561367034912e-01
2.175724655389785767e-01
2.159220874309539795e-01
2.143578976392745972e-01
2.128712236881256104e-01
2.114542275667190552e-01
2.100997269153594971e-01
2.088014036417007446e-01
2.075536400079727173e-01
2.063514590263366699e-01
2.051904648542404175e-01
2.040666341781616211e-01
2.029774188995361328e-01
2.019193917512893677e-01
2.008895576000213623e-01
1.998853385448455811e-01
1.989066898822784424e-01
1.979506313800811768e-01
1.970150023698806763e-01
1.960981041193008423e-01
1.951983273029327393e-01
1.943143010139465332e-01
1.934448182582855225e-01
1.925887763500213623e-01
1.917452216148376465e-01
1.909132599830627441e-01
1.900921612977981567e-01
1.892812401056289673e-01
1.884799152612686157e-01
1.876888275146484375e-01
1.869075894355773926e-01
1.861352473497390747e-01
1.853713393211364746e-01
1.846153736114501953e-01
1.838669627904891968e-01
1.831258237361907959e-01
1.823915690183639526e-01
1.816639602184295654e-01
1.809427291154861450e-01
1.802276819944381714e-01
1.795208752155303955e-01
1.788218170404434204e-01
1.781298816204071045e-01
1.774446219205856323e-01
1.767656803131103516e-01
1.760935038328170776e-01
1.754277050495147705e-01
1.747678220272064209e-01
1.741136014461517334e-01
1.734647899866104126e-01
1.728212386369705200e-01
1.721827089786529541e-01
1.715490520000457764e-01
1.709201484918594360e-01
1.702958345413208008e-01
1.696766018867492676e-01
1.690630763769149780e-01
1.684544980525970459e-01
1.678506880998611450e-01
1.672514230012893677e-01
1.666565835475921631e-01
1.660660356283187866e-01
1.654796302318572998e-01
1.648972779512405396e-01
1.643189042806625366e-01
1.637443900108337402e-01
1.631737947463989258e-01
1.626076698303222656e-01
1.620463281869888306e-01
1.614892035722732544e-01
1.609361320734024048e-01
1.603869795799255371e-01
1.598416119813919067e-01
1.592999249696731567e-01
1.587617844343185425e-01
1.582271456718444824e-01
1.576959341764450073e-01
1.571680605411529541e-01
1.566442102193832397e-01
1.561245173215866089e-01
1.556088030338287354e-01
1.550967693328857422e-01
1.545884311199188232e-01
1.540835648775100708e-01
1.535820364952087402e-01
1.530837565660476685e-01
1.525886207818984985e-01
1.520965546369552612e-01
1.516074836254119873e-01
1.511213332414627075e-01
1.506380736827850342e-01
1.501576304435729980e-01
1.496799588203430176e-01
1.492050290107727051e-01
1.487327814102172852e-01
1.482632011175155640e-01
1.477963328361511230e-01
1.473324745893478394e-01
1.468713730573654175e-01
1.464129984378814697e-01
1.459573656320571899e-01
1.455047577619552612e-01
1.450548619031906128e-01
1.446076184511184692e-01
1.441629827022552490e-01
1.437211036682128906e-01
1.432819813489913940e-01
1.428454369306564331e-01
1.424124538898468018e-01
1.419826149940490723e-01
1.415555775165557861e-01
1.411312669515609741e-01
1.407095491886138916e-01
1.402903199195861816e-01
1.398735195398330688e-01
1.394590735435485840e-01
1.390476524829864502e-01
1.386394053697586060e-01
1.382339745759963989e-01
1.378310918807983398e-01
1.374306976795196533e-01
1.370326727628707886e-01
1.366369277238845825e-01
1.362434029579162598e-01
1.358519941568374634e-01
1.354626864194869995e-01
1.350757479667663574e-01
1.346909254789352417e-01
1.343083232641220093e-01
1.339277774095535278e-01
1.335492581129074097e-01
1.331727057695388794e-01
1.327981650829315186e-01
1.324257105588912964e-01
1.320552080869674683e-01
1.316866278648376465e-01
1.313199251890182495e-01
1.309551745653152466e-01
1.305936872959136963e-01
1.302357167005538940e-01
1.298803836107254028e-01
1.295274645090103149e-01
1.291767805814743042e-01
1.288283616304397583e-01
1.284822374582290649e-01
1.281381249427795410e-01
1.277959495782852173e-01
1.274555921554565430e-01
1.271170228719711304e-01
1.267804056406021118e-01
1.264455318450927734e-01
1.261124610900878906e-01
1.257810890674591064e-01
1.254513263702392578e-01
1.251231282949447632e-01
1.247964873909950256e-01
1.244713664054870605e-01
1.241477131843566895e-01
1.238260343670845032e-01
