1.532658785581588745e-01
1.527697741985321045e-01
1.522767841815948486e-01
1.517867892980575562e-01
1.512997597455978394e-01
1.508156210184097290e-01
4.770550727844238281e-01
6.265408396720886230e-01
6.948385834693908691e-01
7.269284129142761230e-01
7.430385947227478027e-01
6.743440628051757812e-01
6.134631633758544922e-01
5.595369338989257812e-01
5.117921233177185059e-01
4.695508480072021484e-01
4.322089254856109619e-01
3.992104530334472656e-01
3.700525164604187012e-01
3.443095684051513672e-01
3.215892314910888672e-01
3.015497624874114990e-01
2.839121520519256592e-01
2.684048712253570557e-01
2.547853589057922363e-01
2.428392916917800903e-01
2.323624938726425171e-01
2.231948375701904297e-01
2.151727080345153809e-01
2.081869095563888550e-01
2.020773738622665405e-01
1.967260837554931641e-01
1.920363157987594604e-01
1.879295110702514648e-01
1.843186914920806885e-01
1.811407804489135742e-01
1.783368438482284546e-01
1.758553683757781982e-01
1.736608743667602539e-01
1.717105656862258911e-01
1.699676960706710815e-01
1.684022396802902222e-01
1.669921278953552246e-01
1.657141000032424927e-01
1.645484417676925659e-01
1.634788066148757935e-01
1.624912768602371216e-01
1.615758389234542847e-01
1.607221662998199463e-01
1.599208563566207886e-01
1.591642946004867554e-01
1.584460735321044922e-01
1.577607095241546631e-01
1.571036130189895630e-01
1.564714759588241577e-01
1.558616608381271362e-01
1.552709639072418213e-01
1.546967625617980957e-01
1.541369110345840454e-01
1.535895168781280518e-01
1.530530005693435669e-01
1.525260806083679199e-01
1.520076096057891846e-01
1.514966785907745361e-01
1.509924679994583130e-01
1.504943221807479858e-01
1.500016748905181885e-01
1.495140194892883301e-01
1.490309536457061768e-01
1.485521793365478516e-01
1.480773389339447021e-01
1.476064920425415039e-01
1.471394747495651245e-01
1.466759741306304932e-01
1.462157666683197021e-01
1.457590758800506592e-01
1.453056931495666504e-01
1.448553800582885742e-01
1.444079875946044922e-01
1.439634561538696289e-01
1.435220539569854736e-01
1.430834233760833740e-01
1.426478475332260132e-01
1.422159671783447266e-01
1.417871266603469849e-01
1.413611322641372681e-01
1.409378349781036377e-01
1.405171900987625122e-01
1.400990188121795654e-01
1.396832764148712158e-01
1.392699629068374634e-01
1.388601660728454590e-01
1.384533196687698364e-01
1.380491554737091064e-01
1.376475393772125244e-01
1.372483521699905396e-01
1.368514895439147949e-01
1.364568620920181274e-01
1.360644102096557617e-01
1.356740891933441162e-01
1.352860033512115479e-01
1.349001824855804443e-01
1.345164924860000610e-01
1.341349780559539795e-01
1.337555050849914551e-01
1.333780139684677124e-01
1.330024600028991699e-01
1.326290220022201538e-01
1.322575956583023071e-01
1.318880915641784668e-01
1.315204948186874390e-01
1.311547756195068359e-01
1.307916194200515747e-01
1.304318755865097046e-01
1.300752311944961548e-01
1.297211050987243652e-01
1.293693333864212036e-01
1.290197372436523438e-01
1.286725252866744995e-01
1.283274292945861816e-01
1.279843151569366455e-01
1.276430785655975342e-01
1.273036450147628784e-01
1.269660741090774536e-01
1.266303360462188721e-01
1.262964010238647461e-01
1.259642094373703003e-01
1.256336718797683716e-01
1.253047138452529907e-01
1.249773427844047546e-01
1.246514692902565002e-01
1.243271157145500183e-01
1.240042224526405334e-01
1.236838847398757935e-01
1.233662068843841553e-01
1.230507642030715942e-01
1.227372512221336365e-01
1.224255412817001343e-01
1.221155151724815369e-01
1.218071132898330688e-01
1.215002313256263733e-01
1.211948022246360779e-01
1.208908036351203918e-01
1.205881834030151367e-01
1.202869191765785217e-01
1.199869662523269653e-01
1.196882948279380798e-01
1.193908974528312683e-01
1.190947592258453369e-01
1.188005656003952026e-01
1.185081154108047485e-01
1.182171404361724854e-01
1.179276034235954285e-01
1.176394075155258179e-01
1.173525303602218628e-01
1.170669198036193848e-01
1.167827099561691284e-01
1.164998188614845276e-01
1.162181720137596130e-01
1.159377396106719971e-01
1.156584620475769043e-01
1.153803542256355286e-01
1.151033863425254822e-01
1.148275360465049744e-01
1.145528033375740051e-01
1.142792254686355591e-01
1.140071749687194824e-01
1.137363687157630920e-01
1.134667545557022095e-01
1.131982803344726562e-01
1.129309311509132385e-01
1.126646772027015686e-01
1.123995035886764526e-01
1.121354028582572937e-01
1.118723452091217041e-01
1.116103231906890869e-01
1.113493219017982483e-01
1.110893264412879944e-01
1.108303219079971313e-01
1.105723157525062561e-01
1.103153228759765625e-01
1.100593656301498413e-01
1.098046526312828064e-01
1.095510125160217285e-01
1.092987880110740662e-01
1.090484783053398132e-01
1.087995097041130066e-01
1.085517928004264832e-01
1.083052307367324829e-01
1.080597713589668274e-01
1.078153476119041443e-01
1.075719296932220459e-01
1.073294728994369507e-01
1.070879772305488586e-01
1.068473979830741882e-01
1.066077277064323425e-01
1.063689589500427246e-01
1.061310619115829468e-01
1.058940365910530090e-01
1.056578829884529114e-01
1.054225713014602661e-01
1.051881089806556702e-01
1.049544960260391235e-01
1.047219410538673401e-01
1.044902876019477844e-01
1.042595356702804565e-01
1.040296331048011780e-01
1.038005873560905457e-01
1.035723835229873657e-01
1.033449992537498474e-01
