3.310443162918090820e-01
3.274821043014526367e-01
3.240336179733276367e-01
3.206939101219177246e-01
3.174618184566497803e-01
3.143298923969268799e-01
6.065365076065063477e-01
7.355176210403442383e-01
7.920812368392944336e-01
8.169686198234558105e-01
8.281071186065673828e-01
7.932426333427429199e-01
7.603509426116943359e-01
7.293286919593811035e-01
7.000781893730163574e-01
6.725094914436340332e-01
6.465331912040710449e-01
6.220621466636657715e-01
5.990148186683654785e-01
5.773149132728576660e-01
5.568934679031372070e-01
5.376767516136169434e-01
5.195962786674499512e-01
5.025923848152160645e-01
4.866044223308563232e-01
4.715750217437744141e-01
4.574453830718994141e-01
4.441604018211364746e-01
4.316692054271697998e-01
4.199227392673492432e-01
4.088755548000335693e-01
3.984875977039337158e-01
3.887171745300292969e-01
3.795282244682312012e-01
3.708828687667846680e-01
3.627458512783050537e-01
3.550836145877838135e-01
3.478674888610839844e-01
3.410678207874298096e-01
3.346588909626007080e-01
3.286185264587402344e-01
3.229245543479919434e-01
3.175506293773651123e-01
3.124826848506927490e-01
3.076972067356109619e-01
3.031759560108184814e-01
2.989012002944946289e-01
2.948547899723052979e-01
2.910209596157073975e-01
2.873837649822235107e-01
2.839332222938537598e-01
2.806581556797027588e-01
2.775448262691497803e-01
2.745811343193054199e-01
2.717562913894653320e-01
2.690607011318206787e-01
2.664859294891357422e-01
2.640235126018524170e-01
2.616646289825439453e-01
2.594023346900939941e-01
2.572288215160369873e-01
2.551374435424804688e-01
2.531220912933349609e-01
2.511790096759796143e-01
2.493025958538055420e-01
2.474876940250396729e-01
2.457300424575805664e-01
2.440278381109237671e-01
2.423798739910125732e-01
2.407803833484649658e-01
2.392261028289794922e-01
2.377136051654815674e-01
2.362398505210876465e-01
2.348024845123291016e-01
2.333987504243850708e-01
2.320263981819152832e-01
2.306833416223526001e-01
2.293682396411895752e-01
2.280807644128799438e-01
2.268233597278594971e-01
2.255924791097640991e-01
2.243858426809310913e-01
2.232018262147903442e-01
2.220389246940612793e-01
2.208957821130752563e-01
2.197712212800979614e-01
2.186641544103622437e-01
2.175735831260681152e-01
2.164985835552215576e-01
2.154382914304733276e-01
2.143920809030532837e-01
2.133594006299972534e-01
2.123395055532455444e-01
2.113318592309951782e-01
2.103358656167984009e-01
2.093511372804641724e-01
2.083771377801895142e-01
2.074135392904281616e-01
2.064599692821502686e-01
2.055161595344543457e-01
2.045817226171493530e-01
2.036570310592651367e-01
2.027417719364166260e-01
2.018356472253799438e-01
2.009382843971252441e-01
2.000494301319122314e-01
1.991709321737289429e-01
1.983015537261962891e-01
1.974408477544784546e-01
1.965885609388351440e-01
1.957443952560424805e-01
1.949080526828765869e-01
1.940793097019195557e-01
1.932579278945922852e-01
1.924437284469604492e-01
1.916364878416061401e-01
1.908360868692398071e-01
1.900423169136047363e-01
1.892550438642501831e-01
1.884741485118865967e-01
1.877007484436035156e-01
1.869346648454666138e-01
1.861753165721893311e-01
1.854225099086761475e-01
1.846760362386703491e-01
1.839357167482376099e-01
1.832013875246047974e-01
1.824728995561599731e-01
1.817501187324523926e-01
1.810329109430313110e-01
1.803211718797683716e-01
1.796166896820068359e-01
1.789196133613586426e-01
1.782292127609252930e-01
1.775451451539993286e-01
1.768670976161956787e-01
1.761953979730606079e-01
1.755298972129821777e-01
1.748701632022857666e-01
1.742158979177474976e-01
1.735669523477554321e-01
1.729231029748916626e-01
1.722842156887054443e-01
1.716500967741012573e-01
1.710206568241119385e-01
1.703957617282867432e-01
1.697757244110107422e-01
1.691613644361495972e-01
1.685520112514495850e-01
1.679473668336868286e-01
1.673472970724105835e-01
1.667516380548477173e-01
1.661602705717086792e-01
1.655730456113815308e-01
1.649898737668991089e-01
1.644106805324554443e-01
1.638353615999221802e-01
1.632638573646545410e-01
1.626967042684555054e-01
1.621344983577728271e-01
1.615764796733856201e-01
1.610225588083267212e-01
1.604725569486618042e-01
1.599263548851013184e-01
1.593838781118392944e-01
1.588449627161026001e-01
1.583095490932464600e-01
1.577775627374649048e-01
1.572489440441131592e-01
1.567241847515106201e-01
1.562036275863647461e-01
1.556871086359024048e-01
1.551742553710937500e-01
1.546651721000671387e-01
1.541595309972763062e-01
1.536572873592376709e-01
1.531583070755004883e-01
1.526624709367752075e-01
1.521697342395782471e-01
1.516799926757812500e-01
1.511932164430618286e-01
1.507093012332916260e-01
1.502282321453094482e-01
1.497499346733093262e-01
1.492743790149688721e-01
1.488015353679656982e-01
1.483313739299774170e-01
1.478638499975204468e-01
1.473993808031082153e-01
1.469376981258392334e-01
1.464787274599075317e-01
1.460224390029907227e-01
1.455692201852798462e-01
1.451187580823898315e-01
1.446709483861923218e-01
1.442257612943649292e-01
1.437833011150360107e-01
1.433435976505279541e-01
1.429065018892288208e-01
1.424728184938430786e-01
1.420423537492752075e-01
1.416147649288177490e-01
1.411899179220199585e-01
1.407676488161087036e-01
1.403479129076004028e-01
1.399305909872055054e-01
1.395156681537628174e-01
1.391035914421081543e-01
1.386947631835937500e-01
1.382888108491897583e-01
