4.781350493431091309e-01
4.691684544086456299e-01
4.605487287044525146e-01
4.522618949413299561e-01
4.442941546440124512e-01
4.366322755813598633e-01
6.697809696197509766e-01
7.720161080360412598e-01
8.165636062622070312e-01
8.359884023666381836e-01
8.445372581481933594e-01
8.164687752723693848e-01
7.896460890769958496e-01
7.640208601951599121e-01
7.395465373992919922e-01
7.161777019500732422e-01
6.938740015029907227e-01
6.725919842720031738e-01
6.522895693778991699e-01
6.329261064529418945e-01
6.144620776176452637e-01
5.968587398529052734e-01
5.800840854644775391e-01
5.641020536422729492e-01
5.488768815994262695e-01
5.343739390373229980e-01
5.205617547035217285e-01
5.074126720428466797e-01
4.948951005935668945e-01
4.829811453819274902e-01
4.716407656669616699e-01
4.608452916145324707e-01
4.505673348903656006e-01
4.407811462879180908e-01
4.314618706703186035e-01
4.225851893424987793e-01
4.141291379928588867e-01
4.060742557048797607e-01
3.983984589576721191e-01
3.910839259624481201e-01
3.841115832328796387e-01
3.774631023406982422e-01
3.711208999156951904e-01
3.650679588317871094e-01
3.592881560325622559e-01
3.537676036357879639e-01
3.484925031661987305e-01
3.434486389160156250e-01
3.386240899562835693e-01
3.340095281600952148e-01
3.295936286449432373e-01
3.253655433654785156e-01
3.213133513927459717e-01
3.174307048320770264e-01
3.137079477310180664e-01
3.101355433464050293e-01
3.067048192024230957e-01
3.034088611602783203e-01
3.002390265464782715e-01
2.971875071525573730e-01
2.942477464675903320e-01
2.914125323295593262e-01
2.886755168437957764e-01
2.860337793827056885e-01
2.834830880165100098e-01
2.810177803039550781e-01
2.786321043968200684e-01
2.763214707374572754e-01
2.740812599658966064e-01
2.719077169895172119e-01
2.697971761226654053e-01
2.677466273307800293e-01
2.657528221607208252e-01
2.638121843338012695e-01
2.619218230247497559e-01
2.600790262222290039e-01
2.582806348800659180e-01
2.565241158008575439e-01
2.548070847988128662e-01
2.531275153160095215e-01
2.514850497245788574e-01
2.498768121004104614e-01
2.483009546995162964e-01
2.467557340860366821e-01
2.452410310506820679e-01
2.437569499015808105e-01
2.423026561737060547e-01
2.408756017684936523e-01
2.394746094942092896e-01
2.380981296300888062e-01
2.367448061704635620e-01
2.354138046503067017e-01
2.341039031744003296e-01
2.328140288591384888e-01
2.315432727336883545e-01
2.302908897399902344e-01
2.290568649768829346e-01
2.278425693511962891e-01
2.266499847173690796e-01
2.254760414361953735e-01
2.243196815252304077e-01
2.231800258159637451e-01
2.220561206340789795e-01
2.209472805261611938e-01
2.198527902364730835e-01
2.187720388174057007e-01
2.177044451236724854e-01
2.166494578123092651e-01
2.156065404415130615e-01
2.145753353834152222e-01
2.135556191205978394e-01
2.125468403100967407e-01
2.115486413240432739e-01
2.105607092380523682e-01
2.095826864242553711e-01
2.086143493652343750e-01
2.076554000377655029e-01
2.067056000232696533e-01
2.057647705078125000e-01
2.048326283693313599e-01
2.039094120264053345e-01
2.029952257871627808e-01
2.020896971225738525e-01
2.011925578117370605e-01
2.003035992383956909e-01
1.994240581989288330e-01
1.985537260770797729e-01
1.976919174194335938e-01
1.968383789062500000e-01
1.959927827119827271e-01
1.951549500226974487e-01
1.943245977163314819e-01
1.935015469789505005e-01
1.926855891942977905e-01
1.918765753507614136e-01
1.910742968320846558e-01
1.902786493301391602e-01
1.894894689321517944e-01
1.887066662311553955e-01
1.879307627677917480e-01
1.871624737977981567e-01
1.864009648561477661e-01
1.856460422277450562e-01
1.848974674940109253e-01
1.841550767421722412e-01
1.834186911582946777e-01
1.826881915330886841e-01
1.819634437561035156e-01
1.812442690134048462e-01
1.805305927991867065e-01
1.798232197761535645e-01
1.791238933801651001e-01
1.784311830997467041e-01
1.777449548244476318e-01
1.770648360252380371e-01
1.763908267021179199e-01
1.757232546806335449e-01
1.750615239143371582e-01
1.744053512811660767e-01
1.737545430660247803e-01
1.731088906526565552e-01
1.724682301282882690e-01
1.718324273824691772e-01
1.712013185024261475e-01
1.705747991800308228e-01
1.699529141187667847e-01
1.693366765975952148e-01
1.687255948781967163e-01
1.681192964315414429e-01
1.675176173448562622e-01
1.669204086065292358e-01
1.663275063037872314e-01
1.657388359308242798e-01
1.651542335748672485e-01
1.645736247301101685e-01
1.639969199895858765e-01
1.634240150451660156e-01
1.628552377223968506e-01
1.622914373874664307e-01
1.617319881916046143e-01
1.611766219139099121e-01
1.606252938508987427e-01
1.600777655839920044e-01
1.595339775085449219e-01
1.589938253164291382e-01
1.584571897983551025e-01
1.579239964485168457e-01
1.573942154645919800e-01
1.568679660558700562e-01
1.563459634780883789e-01
1.558281779289245605e-01
1.553141027688980103e-01
1.548037379980087280e-01
1.542969495058059692e-01
1.537935435771942139e-01
1.532934606075286865e-01
1.527965664863586426e-01
1.523027569055557251e-01
1.518119573593139648e-01
1.513241529464721680e-01
1.508392542600631714e-01
1.503572016954421997e-01
1.498779505491256714e-01
1.494014561176300049e-01
1.489276587963104248e-01
1.484565585851669312e-01
1.479881107807159424e-01
1.475226134061813354e-01
1.470599770545959473e-01
1.466000676155090332e-01
