1.000000000000000000e+00
9.990971684455871582e-01
9.981951117515563965e-01
9.972938895225524902e-01
9.963934421539306641e-01
9.954938292503356934e-01
9.945949912071228027e-01
9.936970472335815430e-01
9.927998781204223633e-01
9.919034838676452637e-01
9.910079240798950195e-01
9.901131987571716309e-01
9.892192482948303223e-01
9.883260726928710938e-01
9.874337911605834961e-01
9.865421652793884277e-01
9.856515526771545410e-01
9.847615361213684082e-01
9.838724732398986816e-01
9.829841256141662598e-01
9.820966720581054688e-01
9.812099337577819824e-01
9.803240299224853516e-01
9.794388413429260254e-01
9.785545468330383301e-01
9.776710271835327148e-01
9.767884016036987305e-01
9.759064912796020508e-01
9.750253558158874512e-01
9.741449952125549316e-01
9.732655286788940430e-01
9.723867774009704590e-01
9.715088605880737305e-01
9.706316590309143066e-01
9.697553515434265137e-01
9.688796997070312500e-01
9.680049419403076172e-01
9.671309590339660645e-01
9.662578105926513672e-01
9.653853774070739746e-01
9.645138382911682129e-01
9.636429548263549805e-01
9.627729058265686035e-01
9.619036316871643066e-01
9.610351920127868652e-01
9.601674675941467285e-01
9.593004584312438965e-01
9.584344625473022461e-01
9.575690627098083496e-01
9.567044973373413086e-01
9.558407068252563477e-01
9.549776911735534668e-01
9.541154503822326660e-01
9.532540440559387207e-01
9.523933529853820801e-01
9.515334963798522949e-01
9.506743550300598145e-01
9.498160481452941895e-01
9.489584565162658691e-01
9.481016993522644043e-01
9.472456574440002441e-01
9.463904500007629395e-01
9.455359578132629395e-01
9.446823000907897949e-01
9.438292980194091797e-01
9.429771900177001953e-01
9.421258568763732910e-01
9.412751793861389160e-01
9.404252767562866211e-01
9.395762681961059570e-01
9.387279152870178223e-01
9.378803968429565430e-01
9.370335936546325684e-01
9.361875653266906738e-01
9.353423118591308594e-01
9.344978332519531250e-01
9.336541295051574707e-01
9.328110814094543457e-01
9.319688677787780762e-01
9.311274886131286621e-01
9.302867650985717773e-01
9.294468164443969727e-01
9.286077022552490234e-01
9.277691841125488281e-01
9.269316196441650391e-01
9.260946512222290039e-01
9.252585172653198242e-01
9.244231581687927246e-01
9.235884547233581543e-01
9.227545857429504395e-01
9.219215512275695801e-01
9.210891127586364746e-01
9.202575087547302246e-01
9.194266796112060547e-01
9.185965061187744141e-01
9.177671074867248535e-01
9.169385433197021484e-01
9.161106348037719727e-01
9.152835011482238770e-01
9.144570827484130859e-01
9.136314392089843750e-01
9.128065109252929688e-01
9.119824767112731934e-01
9.111590385437011719e-01
9.103363156318664551e-01
9.095144271850585938e-01
9.086933135986328125e-01
9.078728556632995605e-01
9.070531129837036133e-01
9.062342047691345215e-01
9.054159522056579590e-01
9.045984148979187012e-01
9.037817716598510742e-01
9.029656648635864258e-01
9.021505117416381836e-01
9.013359546661376953e-01
9.005222320556640625e-01
8.997091650962829590e-01
8.988968133926391602e-01
8.980852365493774414e-01
8.972743153572082520e-01
8.964642286300659180e-01
8.956548571586608887e-01
8.948462009429931641e-01
8.940382599830627441e-01
8.932310342788696289e-01
8.924245834350585938e-01
8.916187882423400879e-01
8.908138275146484375e-01
8.900094628334045410e-01
8.892059326171875000e-01
8.884031176567077637e-01
8.876010179519653320e-01
8.867996335029602051e-01
8.859989047050476074e-01
8.851989507675170898e-01
8.843998312950134277e-01
8.836012482643127441e-01
8.828034400939941406e-01
8.820064663887023926e-01
8.812100887298583984e-01
8.804144859313964844e-01
8.796195983886718750e-01
8.788253068923950195e-01
8.780319094657897949e-01
8.772391676902770996e-01
8.764470219612121582e-01
8.756557703018188477e-01
8.748651742935180664e-01
8.740752935409545898e-01
8.732860684394836426e-01
8.724976778030395508e-01
8.717098832130432129e-01
8.709228634834289551e-01
8.701365590095520020e-01
8.693509697914123535e-01
8.685660362243652344e-01
8.677818179130554199e-01
8.669982552528381348e-01
8.662154674530029297e-01
8.654333949089050293e-01
8.646520972251892090e-01
8.638713955879211426e-01
8.630914092063903809e-01
8.623120784759521484e-01
8.615335822105407715e-01
8.607557415962219238e-01
8.599786162376403809e-01
8.592020869255065918e-01
8.584263920783996582e-01
8.576513528823852539e-01
8.568769693374633789e-01
8.561033010482788086e-01
8.553304076194763184e-01
8.545581102371215820e-01
8.537865877151489258e-01
8.530157208442687988e-01
8.522455692291259766e-01
8.514760732650756836e-01
8.507072925567626953e-01
8.499392271041870117e-01
8.491718769073486328e-01
8.484050631523132324e-01
8.476391434669494629e-01
8.468738794326782227e-01
8.461092114448547363e-01
8.453453183174133301e-01
8.445820212364196777e-01
8.438194990158081055e-01
8.430576920509338379e-01
8.422964215278625488e-01
8.415359854698181152e-01
8.407761454582214355e-01
8.400170207023620605e-01
8.392586112022399902e-01
8.385008573532104492e-01
8.377438187599182129e-01
8.369874954223632812e-01
8.362318277359008789e-01
8.354767560958862305e-01
8.347223997116088867e-01
8.339688181877136230e-01
8.332158327102661133e-01
8.324635028839111328e-01
8.317118883132934570e-01
8.309609293937683105e-01
8.302106857299804688e-01
8.294611573219299316e-01
8.287121653556823730e-01
8.279640078544616699e-01
8.272165060043334961e-01
8.264696002006530762e-01
8.257234096527099609e-01
8.249778747558593750e-01
8.242330551147460938e-01
8.234888911247253418e-01
8.227453231811523438e-01
8.220025300979614258e-01
8.212603926658630371e-01
8.205188512802124023e-01
8.197780847549438477e-01
8.190378546714782715e-01
8.182983398437500000e-01
8.175595402717590332e-01
8.168214559555053711e-01
8.160839080810546875e-01
8.153470754623413086e-01
8.146109580993652344e-01
8.138754963874816895e-01
8.131405711174011230e-01
8.124064803123474121e-01
8.116729855537414551e-01
8.109401464462280273e-01
8.102079033851623535e-01
8.094764947891235352e-01
8.087456226348876953e-01
8.080154657363891602e-01
8.072859048843383789e-01
8.065569996833801270e-01
8.058287501335144043e-01
8.051011562347412109e-01
8.043743371963500977e-01
8.036480545997619629e-01
8.029224872589111328e-01
8.021975159645080566e-01
8.014732599258422852e-01
8.007495999336242676e-01
8.000266551971435547e-01
7.993043065071105957e-01
7.985826134681701660e-01
7.978616356849670410e-01
7.971412539482116699e-01
7.964214682579040527e-01
7.957024574279785156e-01
7.949841022491455078e-01
7.942662835121154785e-01
7.935491800308227539e-01
7.928327322006225586e-01
7.921168208122253418e-01
7.914016842842102051e-01
7.906871438026428223e-01
7.899732589721679688e-01
7.892599701881408691e-01
7.885474562644958496e-01
7.878354787826538086e-01
7.871240973472595215e-01
7.864134311676025391e-01
7.857034206390380859e-01
7.849940061569213867e-01
7.842852473258972168e-01
7.835772037506103516e-01
7.828696966171264648e-01
7.821628451347351074e-01
7.814566493034362793e-01
7.807511091232299805e-01
7.800461649894714355e-01
7.793419361114501953e-01
7.786381840705871582e-01
7.779352664947509766e-01
7.772328853607177734e-01
7.765312194824218750e-01
7.758300900459289551e-01
7.751294970512390137e-01
7.744297385215759277e-01
7.737305164337158203e-01
7.730318903923034668e-01
7.723339796066284180e-01
7.716366648674011230e-01
7.709398865699768066e-01
7.702438831329345703e-01
7.695484757423400879e-01
7.688536643981933594e-01
7.681595087051391602e-01
7.674659490585327148e-01
7.667730450630187988e-01
7.660807371139526367e-01
7.653890848159790039e-01
7.646979689598083496e-01
7.640075683593750000e-01
7.633178234100341797e-01
7.626285552978515625e-01
7.619400620460510254e-01
7.612521052360534668e-01
7.605647444725036621e-01
7.598780989646911621e-01
7.591920495033264160e-01
7.585065960884094238e-01
7.578217387199401855e-01
7.571374773979187012e-01
7.564539313316345215e-01
7.557709813117980957e-01
7.550886273384094238e-01
7.544068694114685059e-01
7.537257075309753418e-01
7.530451416969299316e-01
7.523652911186218262e-01
7.516859769821166992e-01
7.510073184967041016e-01
7.503292560577392578e-01
7.496517896652221680e-01
7.489749789237976074e-01
7.482987046241760254e-01
7.476231455802917480e-01
7.469480633735656738e-01
7.462736368179321289e-01
7.455999255180358887e-01
7.449266314506530762e-01
7.442541718482971191e-01
7.435821890830993652e-01
7.429108023643493652e-01
7.422400116920471191e-01
7.415699362754821777e-01
7.409003973007202148e-01
7.402313947677612305e-01
7.395631074905395508e-01
7.388953566551208496e-01
7.382282614707946777e-01
7.375617623329162598e-01
7.368957996368408203e-01
7.362304329872131348e-01
7.355657219886779785e-01
7.349016666412353516e-01
7.342380881309509277e-01
7.335751056671142578e-01
7.329128384590148926e-01
7.322511076927185059e-01
7.315900325775146484e-01
7.309294342994689941e-01
7.302695512771606445e-01
7.296102046966552734e-01
7.289514541625976562e-01
7.282932996749877930e-01
7.276357412338256836e-01
7.269787788391113281e-01
7.263224124908447266e-01
7.256666421890258789e-01
7.250114679336547852e-01
7.243568301200866699e-01
7.237029075622558594e-01
7.230494618415832520e-01
7.223966121673583984e-01
7.217443585395812988e-01
7.210927605628967285e-01
7.204416990280151367e-01
7.197912335395812988e-01
7.191413044929504395e-01
7.184920907020568848e-01
7.178432941436767578e-01
7.171952128410339355e-01
7.165476679801940918e-01
7.159007191658020020e-01
7.152543663978576660e-01
7.146086096763610840e-01
7.139633893966674805e-01
7.133187651634216309e-01
7.126747369766235352e-01
7.120312452316284180e-01
7.113884091377258301e-01
7.107461094856262207e-01
7.101044058799743652e-01
7.094632387161254883e-01
7.088226675987243652e-01
7.081826925277709961e-01
7.075433135032653809e-01
7.069044709205627441e-01
7.062662243843078613e-01
7.056285738945007324e-01
7.049915194511413574e-01
7.043549418449401855e-01
7.037190198898315430e-01
7.030836343765258789e-01
7.024488449096679688e-01
7.018146514892578125e-01
7.011809945106506348e-01
7.005479335784912109e-01
6.999154090881347656e-01
6.992834806442260742e-01
6.986520886421203613e-01
6.980212926864624023e-01
6.973910927772521973e-01
6.967614293098449707e-01
6.961323618888854980e-01
6.955037713050842285e-01
6.948758959770202637e-01
6.942484974861145020e-01
6.936216354370117188e-01
6.929954290390014648e-01
6.923697590827941895e-01
6.917446255683898926e-01
6.911200284957885742e-01
6.904960870742797852e-01
6.898726224899291992e-01
6.892497539520263672e-01
6.886274814605712891e-01
6.880057454109191895e-01
6.873845458030700684e-01
6.867639422416687012e-01
6.861438751220703125e-01
6.855243444442749023e-01
6.849054098129272461e-01
6.842870116233825684e-01
6.836692094802856445e-01
6.830519437789916992e-01
6.824352741241455078e-01
6.818190813064575195e-01
6.812034845352172852e-01
6.805884838104248047e-01
6.799739599227905273e-01
6.793600320816040039e-01
6.787466406822204590e-01
6.781338453292846680e-01
6.775215864181518555e-01
6.769098639488220215e-01
6.762986779212951660e-01
6.756880283355712891e-01
6.750779747962951660e-01
6.744685173034667969e-01
6.738595366477966309e-01
6.732511520385742188e-01
6.726433038711547852e-01
6.720359325408935547e-01
6.714291572570800781e-01
6.708229780197143555e-01
6.702173352241516113e-01
6.696121692657470703e-01
6.690076589584350586e-01
6.684035658836364746e-01
6.678001284599304199e-01
6.671971678733825684e-01
6.665948033332824707e-01
6.659929156303405762e-01
6.653916239738464355e-01
6.647908687591552734e-01
6.641906499862670898e-01
6.635909676551818848e-01
6.629918217658996582e-01
6.623932123184204102e-01
6.617951393127441406e-01
6.611976027488708496e-01
6.606006622314453125e-01
6.600042581558227539e-01
6.594083309173583984e-01
6.588129997253417969e-01
6.582180857658386230e-01
6.576238274574279785e-01
6.570301055908203125e-01
6.564369201660156250e-01
6.558442115783691406e-01
6.552520394325256348e-01
6.546604633331298828e-01
6.540693640708923340e-01
6.534788012504577637e-01
6.528888344764709473e-01
6.522994041442871094e-01
6.517103910446166992e-01
6.511220335960388184e-01
6.505341529846191406e-01
6.499467492103576660e-01
6.493600010871887207e-01
6.487736701965332031e-01
6.481879353523254395e-01
6.476026773452758789e-01
6.470179557800292969e-01
6.464337706565856934e-01
6.458501815795898438e-01
6.452670693397521973e-01
6.446844339370727539e-01
6.441023945808410645e-01
6.435208320617675781e-01
6.429398059844970703e-01
6.423593163490295410e-01
6.417793035507202148e-01
6.411998867988586426e-01
6.406209468841552734e-01
6.400426030158996582e-01
6.394646763801574707e-01
6.388873457908630371e-01
6.383105516433715820e-01
6.377342343330383301e-01
6.371583938598632812e-01
6.365831494331359863e-01
6.360083818435668945e-01
6.354341506958007812e-01
6.348603963851928711e-01
6.342872381210327148e-01
6.337145566940307617e-01
6.331424117088317871e-01
6.325707435607910156e-01
6.319996118545532227e-01
6.314290165901184082e-01
6.308588981628417969e-01
6.302893161773681641e-01
6.297202110290527344e-01
6.291517019271850586e-01
6.285836696624755859e-01
6.280161142349243164e-01
6.274490952491760254e-01
6.268826127052307129e-01
6.263165473937988281e-01
6.257510781288146973e-01
6.251861453056335449e-01
6.246216893196105957e-01
6.240577101707458496e-01
6.234942674636840820e-01
6.229313015937805176e-01
6.223689317703247070e-01
6.218070387840270996e-01
6.212455630302429199e-01
6.206846237182617188e-01
6.201242208480834961e-01
6.195644140243530273e-01
6.190049648284912109e-01
6.184461116790771484e-01
6.178877353668212891e-01
6.173298954963684082e-01
6.167725324630737305e-01
6.162155866622924805e-01
6.156592965126037598e-01
6.151034235954284668e-01
6.145480275154113770e-01
6.139931678771972656e-01
6.134388446807861328e-01
6.128849387168884277e-01
6.123316287994384766e-01
6.117787361145019531e-01
6.112263798713684082e-01
6.106745004653930664e-01
6.101232171058654785e-01
6.095722913742065430e-01
6.090219616889953613e-01
6.084720492362976074e-01
6.079226732254028320e-01
6.073738336563110352e-01
6.068254113197326660e-01
6.062775850296020508e-01
6.057301759719848633e-01
6.051833033561706543e-01
6.046368479728698730e-01
6.040909290313720703e-01
6.035455465316772461e-01
6.030006408691406250e-01
6.024562120437622070e-01
6.019122600555419922e-01
6.013687849044799805e-01
6.008257865905761719e-01
6.002833843231201172e-01
5.997413992881774902e-01
5.991998910903930664e-01
5.986589193344116211e-01
5.981183648109436035e-01
5.975783467292785645e-01
5.970388054847717285e-01
5.964997410774230957e-01
5.959612131118774414e-01
5.954231023788452148e-01
5.948855280876159668e-01
5.943484306335449219e-01
5.938117504119873047e-01
5.932756662368774414e-01
5.927399992942810059e-01
5.922048091888427734e-01
5.916701555252075195e-01
5.911359786987304688e-01
5.906022191047668457e-01
5.900689959526062012e-01
5.895362496376037598e-01
5.890039801597595215e-01
5.884721875190734863e-01
5.879408717155456543e-01
5.874100327491760254e-01
5.868796706199645996e-01
5.863497853279113770e-01
5.858203768730163574e-01
5.852915048599243164e-01
5.847630500793457031e-01
5.842350721359252930e-01
5.837075114250183105e-01
5.831805467605590820e-01
5.826540589332580566e-01
5.821279287338256836e-01
5.816023349761962891e-01
5.810772180557250977e-01
5.805526375770568848e-01
5.800284743309020996e-01
5.795047283172607422e-01
5.789815187454223633e-01
5.784587860107421875e-01
5.779365301132202148e-01
5.774146914482116699e-01
5.768933892250061035e-01
5.763725042343139648e-01
5.758521556854248047e-01
5.753322243690490723e-01
5.748127698898315430e-01
5.742937326431274414e-01
5.737752914428710938e-01
5.732572078704833984e-01
5.727396011352539062e-01
5.722224712371826172e-01
5.717058777809143066e-01
5.711896419525146484e-01
5.706739425659179688e-01
5.701587200164794922e-01
5.696439146995544434e-01
5.691296458244323730e-01
5.686157941818237305e-01
5.681023597717285156e-01
5.675894618034362793e-01
5.670769810676574707e-01
5.665650367736816406e-01
5.660535097122192383e-01
5.655423998832702637e-01
5.650317668914794922e-01
5.645216107368469238e-01
5.640119314193725586e-01
5.635027289390563965e-01
5.629939436912536621e-01
5.624856352806091309e-01
5.619777441024780273e-01
5.614703297615051270e-01
5.609634518623352051e-01
5.604569911956787109e-01
5.599509477615356445e-01
5.594453811645507812e-01
5.589402914047241211e-01
5.584356188774108887e-01
5.579314231872558594e-01
5.574277043342590332e-01
5.569244027137756348e-01
5.564215779304504395e-01
