8.044737577438354492e-01
7.678037881851196289e-01
7.331399321556091309e-01
7.003800272941589355e-01
6.694315075874328613e-01
6.402009129524230957e-01
6.125949621200561523e-01
5.865296721458435059e-01
5.619224309921264648e-01
5.386944413185119629e-01
5.167708992958068848e-01
4.960816204547882080e-01
4.765599071979522705e-01
4.581426978111267090e-01
4.407740831375122070e-01
4.243949055671691895e-01
4.089497029781341553e-01
3.943862915039062500e-01
3.806586563587188721e-01
3.677204847335815430e-01
3.555269539356231689e-01
3.440364301204681396e-01
3.332088887691497803e-01
3.230083286762237549e-01
3.134024441242218018e-01
3.043563961982727051e-01
2.958370447158813477e-01
2.878146469593048096e-01
2.802630960941314697e-01
2.731544375419616699e-01
2.664636671543121338e-01
2.601650655269622803e-01
2.542346417903900146e-01
2.486500293016433716e-01
2.433903217315673828e-01
2.384356707334518433e-01
2.337672114372253418e-01
2.293678820133209229e-01
2.252220660448074341e-01
2.213135361671447754e-01
2.176285088062286377e-01
2.141531854867935181e-01
2.108742743730545044e-01
2.077794969081878662e-01
2.048570811748504639e-01
2.020960897207260132e-01
1.994861811399459839e-01
1.970183253288269043e-01
1.946835368871688843e-01
1.924729943275451660e-01
1.903790384531021118e-01
1.883946061134338379e-01
1.865129470825195312e-01
1.847275048494338989e-01
1.830326318740844727e-01
1.814219355583190918e-01
1.798898428678512573e-01
1.784316003322601318e-01
1.770433485507965088e-01
1.757197976112365723e-01
1.744566112756729126e-01
1.732498407363891602e-01
1.720958352088928223e-01
1.709914505481719971e-01
1.699333190917968750e-01
1.689183413982391357e-01
1.679436713457107544e-01
1.670065671205520630e-01
1.661045849323272705e-01
1.652354449033737183e-01
1.643968820571899414e-01
1.635868996381759644e-01
1.628035604953765869e-01
1.620451211929321289e-01
1.613099575042724609e-01
1.605971902608871460e-01
1.599057614803314209e-01
1.592338979244232178e-01
1.585802882909774780e-01
1.579441130161285400e-01
1.573240160942077637e-01
1.567189544439315796e-01
1.561280190944671631e-01
1.555503457784652710e-01
1.549850255250930786e-01
1.544312983751296997e-01
1.538884490728378296e-01
1.533558815717697144e-01
1.528330147266387939e-01
1.523192375898361206e-01
1.518140286207199097e-01
1.513170152902603149e-01
1.508277058601379395e-01
1.503457874059677124e-01
1.498708128929138184e-01
1.494023948907852173e-01
1.489403247833251953e-01
1.484841555356979370e-01
1.480335891246795654e-01
1.475883126258850098e-01
1.471480876207351685e-01
1.467127650976181030e-01
1.462821066379547119e-01
1.458558589220046997e-01
1.454338282346725464e-01
1.450157761573791504e-01
1.446015685796737671e-01
1.441910415887832642e-01
1.437840014696121216e-01
1.433803737163543701e-01
1.429799795150756836e-01
1.425826996564865112e-01
1.421884447336196899e-01
1.417970955371856689e-01
1.414088010787963867e-01
1.410235613584518433e-01
1.406410932540893555e-01
1.402613669633865356e-01
1.398842334747314453e-01
1.395096629858016968e-01
1.391375809907913208e-01
1.387678980827331543e-01
1.384005546569824219e-01
1.380355209112167358e-01
1.376728117465972900e-01
1.373125314712524414e-01
1.369547396898269653e-01
1.365992575883865356e-01
1.362466514110565186e-01
1.358965933322906494e-01
1.355488896369934082e-01
1.352034956216812134e-01
1.348603218793869019e-01
1.345193684101104736e-01
1.341805458068847656e-01
1.338437944650650024e-01
1.335090249776840210e-01
1.331762224435806274e-01
1.328453272581100464e-01
1.325162947177886963e-01
1.321890652179718018e-01
1.318636536598205566e-01
1.315400302410125732e-01
1.312181204557418823e-01
1.308979094028472900e-01
1.305793523788452148e-01
1.302624344825744629e-01
1.299471110105514526e-01
1.296333521604537964e-01
1.293211430311203003e-01
1.290104836225509644e-01
1.287013590335845947e-01
1.283937990665435791e-01
1.280878782272338867e-01
1.277834922075271606e-01
1.274811029434204102e-01
1.271809190511703491e-01
1.268831193447113037e-01
1.265873759984970093e-01
1.262935698032379150e-01
1.260015964508056641e-01
1.257113963365554810e-01
1.254229098558425903e-01
1.251360774040222168e-01
1.248508542776107788e-01
1.245671585202217102e-01
1.242849603295326233e-01
1.240042373538017273e-01
1.237249299883842468e-01
1.234469935297966003e-01
1.231704428791999817e-01
1.228952109813690186e-01
1.226212531328201294e-01
1.223485916852951050e-01
1.220771446824073792e-01
1.218069419264793396e-01
1.215379461646080017e-01
1.212701126933097839e-01
1.210034564137458801e-01
1.207379549741744995e-01
1.204735860228538513e-01
1.202103495597839355e-01
1.199482232332229614e-01
1.196872070431709290e-01
1.194273456931114197e-01
1.191685646772384644e-01
1.189108565449714661e-01
1.186542361974716187e-01
1.183986663818359375e-01
1.181441470980644226e-01
1.178906708955764771e-01
1.176382079720497131e-01
1.173867583274841309e-01
1.171363219618797302e-01
1.168868690729141235e-01
1.166384220123291016e-01
1.163909435272216797e-01
1.161444410681724548e-01
1.158989071846008301e-01
1.156543344259262085e-01
