-4.416266083717346191e-01 4.477996528148651123e-01
-4.195452630519866943e-01 4.257526397705078125e-01
-3.974639475345611572e-01 4.037151336669921875e-01
-3.753826022148132324e-01 3.816776275634765625e-01
-3.533012568950653076e-01 3.596466779708862305e-01
-3.312199413776397705e-01 3.376342356204986572e-01
-3.091385960578918457e-01 3.156469762325286865e-01
-2.870572507381439209e-01 2.937168180942535400e-01
-2.649759352207183838e-01 2.718488574028015137e-01
-2.428945899009704590e-01 2.500148415565490723e-01
-2.208132445812225342e-01 2.282605767250061035e-01
-1.987319141626358032e-01 2.066353857517242432e-01
-1.766505837440490723e-01 1.851974129676818848e-01
-1.545692384243011475e-01 1.639283299446105957e-01
-1.324879080057144165e-01 1.429456025362014771e-01
-1.104065701365470886e-01 1.224137693643569946e-01
-8.832523971796035767e-02 1.028379872441291809e-01
-6.624390184879302979e-02 8.419574052095413208e-02
-4.416256770491600037e-02 6.685578823089599609e-02
-2.208122983574867249e-02 5.148564651608467102e-02
1.052919884614311741e-07 3.949082270264625549e-02
2.208141423761844635e-02 3.103694505989551544e-02
4.416277632117271423e-02 2.528256550431251526e-02
6.624414026737213135e-02 2.112098038196563721e-02
8.832544833421707153e-02 1.801517605781555176e-02
1.104067564010620117e-01 1.550498604774475098e-02
1.324881166219711304e-01 1.328761875629425049e-02
1.545694768428802490e-01 1.131115853786468506e-02
1.766507923603057861e-01 9.465172886848449707e-03
1.987320929765701294e-01 7.697954773902893066e-03
2.208134680986404419e-01 5.972415208816528320e-03
2.428948283195495605e-01 4.265472292900085449e-03
2.649761438369750977e-01 2.573311328887939453e-03
2.870574295520782471e-01 8.856654167175292969e-04
3.091388046741485596e-01 -7.835626602172851562e-04
3.312201797962188721e-01 -2.435058355331420898e-03
3.533014655113220215e-01 -4.074305295944213867e-03
3.753827810287475586e-01 -5.700290203094482422e-03
3.974641561508178711e-01 -7.322639226913452148e-03
4.195455014705657959e-01 -8.940428495407104492e-03
4.416268169879913330e-01 -1.055178046226501465e-02
4.637081325054168701e-01 -1.216202974319458008e-02
4.857894480228424072e-01 -1.377156376838684082e-02
5.078708529472351074e-01 -1.537525653839111328e-02
5.299521684646606445e-01 -1.697540283203125000e-02
5.520334839820861816e-01 -1.857477426528930664e-02
5.741148591041564941e-01 -2.017325162887573242e-02
5.961961746215820312e-01 -2.177166938781738281e-02
6.182774901390075684e-01 -2.337014675140380859e-02
6.403588056564331055e-01 -2.496808767318725586e-02
6.624401211738586426e-01 -2.656495571136474609e-02
6.845215559005737305e-01 -2.816081047058105469e-02
7.066028714179992676e-01 -2.975428104400634766e-02
7.286841273307800293e-01 -3.134763240814208984e-02
7.507655620574951172e-01 -3.293848037719726562e-02
7.728468775749206543e-01 -3.452563285827636719e-02
7.949281930923461914e-01 -3.610903024673461914e-02
8.170095086097717285e-01 -3.769242763519287109e-02
8.390908241271972656e-01 -3.927278518676757812e-02
8.611721992492675781e-01 -4.085254669189453125e-02
8.832535147666931152e-01 -4.243206977844238281e-02
9.053348302841186523e-01 -4.401183128356933594e-02
9.274162650108337402e-01 -4.559051990509033203e-02
9.494975805282592773e-01 -4.716926813125610352e-02
9.715788960456848145e-01 -4.874801635742187500e-02
9.936602115631103516e-01 -5.032664537429809570e-02
1.015741467475891113e+00 -5.190521478652954102e-02
1.037822961807250977e+00 -5.348372459411621094e-02
1.059904217720031738e+00 -5.506002902984619141e-02
1.081985473632812500e+00 -5.663597583770751953e-02
1.104066967964172363e+00 -5.821204185485839844e-02
1.126148223876953125e+00 -5.978798866271972656e-02
1.148229598999023438e+00 -6.136405467987060547e-02
1.170310854911804199e+00 -6.294000148773193359e-02
1.192392230033874512e+00 -6.451618671417236328e-02
1.214473605155944824e+00 -6.609201431274414062e-02
1.236554861068725586e+00 -6.766819953918457031e-02
1.258636236190795898e+00 -6.924414634704589844e-02
1.280717611312866211e+00 -7.082009315490722656e-02
1.302798986434936523e+00 -7.239615917205810547e-02
1.324880242347717285e+00 -7.397210597991943359e-02
