7.504263520240783691e-01
6.930550336837768555e-01
6.407565474510192871e-01
5.931042432785034180e-01
5.496901869773864746e-01
5.101444721221923828e-01
4.741257727146148682e-01
4.413262009620666504e-01
4.114688336849212646e-01
3.842957615852355957e-01
3.595686554908752441e-01
3.370770812034606934e-01
3.166210651397705078e-01
2.980238199234008789e-01
2.811256647109985352e-01
2.657738029956817627e-01
2.518354356288909912e-01
2.391807734966278076e-01
2.276902049779891968e-01
2.172567248344421387e-01
2.077869027853012085e-01
1.991935670375823975e-01
1.913945972919464111e-01
1.843163222074508667e-01
1.778934448957443237e-01
1.720689088106155396e-01
1.667877584695816040e-01
1.619992256164550781e-01
1.576571017503738403e-01
1.537177860736846924e-01
1.501498222351074219e-01
1.469143331050872803e-01
1.439803391695022583e-01
1.413191705942153931e-01
1.389031112194061279e-01
1.367082297801971436e-01
1.347133964300155640e-01
1.329008787870407104e-01
1.312543451786041260e-01
1.297548860311508179e-01
1.283875256776809692e-01
1.271384954452514648e-01
1.259961873292922974e-01
1.249539107084274292e-01
1.240001767873764038e-01
1.231246739625930786e-01
1.223190575838088989e-01
1.215758547186851501e-01
1.208883970975875854e-01
1.202507242560386658e-01
1.196575090289115906e-01
1.191040053963661194e-01
1.185861155390739441e-01
1.180999502539634705e-01
1.176421195268630981e-01
1.172096207737922668e-01
1.167997568845748901e-01
1.164100989699363708e-01
1.160385459661483765e-01
1.156831830739974976e-01
1.153422743082046509e-01
1.150143742561340332e-01
1.146980747580528259e-01
1.143921986222267151e-01
1.140956580638885498e-01
1.138075664639472961e-01
1.135272532701492310e-01
1.132538393139839172e-01
1.129866465926170349e-01
1.127250641584396362e-01
1.124685406684875488e-01
1.122166067361831665e-01
1.119687855243682861e-01
1.117247343063354492e-01
1.114841923117637634e-01
1.112473160028457642e-01
1.110134646296501160e-01
1.107824146747589111e-01
1.105539128184318542e-01
1.103277578949928284e-01
1.101037487387657166e-01
1.098817363381385803e-01
1.096615716814994812e-01
1.094431057572364807e-01
1.092262342572212219e-01
1.090108603239059448e-01
1.087968572974205017e-01
1.085841804742813110e-01
1.083727255463600159e-01
1.081624552607536316e-01
1.079532951116561890e-01
1.077452003955841064e-01
1.075381189584732056e-01
1.073320060968399048e-01
1.071268320083618164e-01
1.069225743412971497e-01
1.067191958427429199e-01
1.065166518092155457e-01
1.063149347901344299e-01
1.061140447854995728e-01
1.059139221906661987e-01
1.057145744562149048e-01
1.055159792304039001e-01
1.053181290626525879e-01
1.051210165023803711e-01
1.049247011542320251e-01
1.047294884920120239e-01
1.045351475477218628e-01
1.043416410684585571e-01
1.041489541530609131e-01
1.039570271968841553e-01
1.037658751010894775e-01
1.035754531621932983e-01
1.033857539296150208e-01
1.031967625021934509e-01
1.030084714293479919e-01
1.028208509087562561e-01
1.026339009404182434e-01
1.024476066231727600e-01
1.022619605064392090e-01
1.020769476890563965e-01
1.018925607204437256e-01
1.017087996006011963e-01
1.015256568789482117e-01
1.013431176543235779e-01
1.011611893773078918e-01
1.009798496961593628e-01
1.007990986108779907e-01
1.006189435720443726e-01
1.004393696784973145e-01
1.002609059214591980e-01
1.000834703445434570e-01
9.990686923265457153e-02
9.973107278347015381e-02
9.955607354640960693e-02
9.938186407089233398e-02
9.920838475227355957e-02
9.903561323881149292e-02
9.886351972818374634e-02
9.869207441806793213e-02
9.852126240730285645e-02
9.835123270750045776e-02
9.818194061517715454e-02
9.801332652568817139e-02
9.784536063671112061e-02
9.767800569534301758e-02
9.751126915216445923e-02
9.734512865543365479e-02
9.717955440282821655e-02
9.701455384492874146e-02
9.685009717941284180e-02
9.668618440628051758e-02
9.652280062437057495e-02
9.635993838310241699e-02
9.619759023189544678e-02
9.603574872016906738e-02
9.587440639734268188e-02
9.571357816457748413e-02
9.555322676897048950e-02
9.539336711168289185e-02
9.523399174213409424e-02
9.507509320974349976e-02
9.491666406393051147e-02
9.475877881050109863e-02
9.460154920816421509e-02
9.444503486156463623e-02
9.428912401199340820e-02
9.413377940654754639e-02
9.397901594638824463e-02
9.382478147745132446e-02
9.367106854915618896e-02
9.351785480976104736e-02
9.336515516042709351e-02
9.321294724941253662e-02
9.306120872497558594e-02
9.290993958711624146e-02
9.275913238525390625e-02
9.260877221822738647e-02
9.245887398719787598e-02
9.230942279100418091e-02
9.216040372848510742e-02
9.201181679964065552e-02
9.186366200447082520e-02
9.171593189239501953e-02
9.156863391399383545e-02
9.142175316810607910e-02
9.127528220415115356e-02
9.112922847270965576e-02
9.098363667726516724e-02
9.083852916955947876e-02
9.069395810365676880e-02
9.055005759000778198e-02
9.040669351816177368e-02
9.026383608579635620e-02
9.012147784233093262e-02
8.997959643602371216e-02
8.983816951513290405e-02
8.969718962907791138e-02
8.955665677785873413e-02
8.941654860973358154e-02
