-4.416266083717346191e-01 6.172575522214174271e-03
-4.195452630519866943e-01 6.199561059474945068e-03
-3.974639475345611572e-01 6.235456559807062149e-03
-3.753826022148132324e-01 6.271352060139179230e-03
-3.533012568950653076e-01 6.313422229140996933e-03
-3.312199413776397705e-01 6.372790317982435226e-03
-3.091385960578918457e-01 6.455710157752037048e-03
-2.870572507381439209e-01 6.591904908418655396e-03
-2.649759352207183838e-01 6.786024663597345352e-03
-2.428945899009704590e-01 7.011712063103914261e-03
-2.208132445812225342e-01 7.311387453228235245e-03
-1.987319141626358032e-01 7.730526383966207504e-03
-1.766505837440490723e-01 8.322534151375293732e-03
-1.545692384243011475e-01 9.070108644664287567e-03
-1.324879080057144165e-01 1.008060853928327560e-02
-1.104065701365470886e-01 1.150370575487613678e-02
-8.832523971796035767e-02 1.379865780472755432e-02
-6.624390184879302979e-02 1.694203354418277740e-02
-4.416256770491600037e-02 2.126321196556091309e-02
-2.208122983574867249e-02 2.735725976526737213e-02
1.052919884614311741e-07 3.647315129637718201e-02
2.208141423761844635e-02 4.873858392238616943e-02
4.416277632117271423e-02 6.339178234338760376e-02
6.624414026737213135e-02 7.944152504205703735e-02
8.832544833421707153e-02 9.640711545944213867e-02
1.104067564010620117e-01 1.138840764760971069e-01
1.324881166219711304e-01 1.316090077161788940e-01
1.545694768428802490e-01 1.495339125394821167e-01
1.766507923603057861e-01 1.675648540258407593e-01
1.987320929765701294e-01 1.856580674648284912e-01
2.208134680986404419e-01 2.037841081619262695e-01
2.428948283195495605e-01 2.219253480434417725e-01
2.649761438369750977e-01 2.400785237550735474e-01
2.870574295520782471e-01 2.582354545593261719e-01
3.091388046741485596e-01 2.764072716236114502e-01
3.312201797962188721e-01 2.945938110351562500e-01
3.533014655113220215e-01 3.127909004688262939e-01
3.753827810287475586e-01 3.309993147850036621e-01
3.974641561508178711e-01 3.492111861705780029e-01
4.195455014705657959e-01 3.674272000789642334e-01
4.416268169879913330e-01 3.856496512889862061e-01
4.637081325054168701e-01 4.038731157779693604e-01
4.857894480228424072e-01 4.220971167087554932e-01
5.078708529472351074e-01 4.403265416622161865e-01
5.299521684646606445e-01 4.585590362548828125e-01
5.520334839820861816e-01 4.767923355102539062e-01
5.741148591041564941e-01 4.950265884399414062e-01
5.961961746215820312e-01 5.132608413696289062e-01
6.182774901390075684e-01 5.314950346946716309e-01
6.403588056564331055e-01 5.497298240661621094e-01
6.624401211738586426e-01 5.679655671119689941e-01
6.845215559005737305e-01 5.862023830413818359e-01
7.066028714179992676e-01 6.044415235519409180e-01
7.286841273307800293e-01 6.226806044578552246e-01
7.507655620574951172e-01 6.409225463867187500e-01
7.728468775749206543e-01 6.591682434082031250e-01
7.949281930923461914e-01 6.774177551269531250e-01
8.170095086097717285e-01 6.956672072410583496e-01
8.390908241271972656e-01 7.139198780059814453e-01
8.611721992492675781e-01 7.321733236312866211e-01
8.832535147666931152e-01 7.504267096519470215e-01
9.053348302841186523e-01 7.686800360679626465e-01
9.274162650108337402e-01 7.869344353675842285e-01
9.494975805282592773e-01 8.051887750625610352e-01
9.715788960456848145e-01 8.234430551528930664e-01
9.936602115631103516e-01 8.416973948478698730e-01
1.015741467475891113e+00 8.599519133567810059e-01
1.037822961807250977e+00 8.782066702842712402e-01
1.059904217720031738e+00 8.964633345603942871e-01
1.081985473632812500e+00 9.147204756736755371e-01
1.104066967964172363e+00 9.329776763916015625e-01
1.126148223876953125e+00 9.512347579002380371e-01
1.148229598999023438e+00 9.694917798042297363e-01
1.170310854911804199e+00 9.877489805221557617e-01
1.192392230033874512e+00 1.006006002426147461e+00
1.214473605155944824e+00 1.024263143539428711e+00
1.236554861068725586e+00 1.042520403861999512e+00
1.258636236190795898e+00 1.060777425765991211e+00
1.280717611312866211e+00 1.079034566879272461e+00
1.302798986434936523e+00 1.097291707992553711e+00
1.324880242347717285e+00 1.115548849105834961e+00
