8.567209839820861816e-01
8.432968854904174805e-01
8.300645351409912109e-01
8.170244097709655762e-01
8.041766285896301270e-01
7.915220260620117188e-01
7.790615558624267578e-01
7.667942643165588379e-01
7.547197341918945312e-01
7.428381443023681641e-01
7.311505079269409180e-01
7.196552753448486328e-01
7.083535194396972656e-01
6.972438097000122070e-01
6.863247752189636230e-01
6.755952835083007812e-01
6.650539040565490723e-01
6.546998620033264160e-01
6.445325016975402832e-01
6.345497965812683105e-01
6.247499585151672363e-01
6.151314973831176758e-01
6.056931018829345703e-01
5.964326858520507812e-01
5.873484611511230469e-01
5.784384608268737793e-01
5.697006583213806152e-01
5.611330866813659668e-01
5.527335405349731445e-01
5.444999933242797852e-01
5.364301800727844238e-01
5.285222530364990234e-01
5.207740664482116699e-01
5.131831169128417969e-01
5.057474374771118164e-01
4.984647333621978760e-01
4.913325607776641846e-01
4.843493998050689697e-01
4.775128960609436035e-01
4.708217084407806396e-01
4.642732739448547363e-01
4.578649401664733887e-01
4.515942633152008057e-01
4.454588592052459717e-01
4.394562542438507080e-01
4.335841238498687744e-01
4.278400540351867676e-01
4.222215414047241211e-01
4.167262017726898193e-01
4.113517403602600098e-01
4.060969352722167969e-01
4.009587764739990234e-01
3.959349393844604492e-01
3.910234868526458740e-01
3.862223923206329346e-01
3.815290629863739014e-01
3.769411444664001465e-01
3.724563121795654297e-01
3.680724501609802246e-01
3.637877106666564941e-01
3.595996201038360596e-01
3.555059134960174561e-01
3.515047729015350342e-01
3.475938141345977783e-01
3.437709510326385498e-01
3.400346338748931885e-01
3.363839983940124512e-01
3.328167796134948730e-01
3.293308615684509277e-01
3.259244263172149658e-01
3.225957751274108887e-01
3.193426728248596191e-01
3.161632716655731201e-01
3.130556643009185791e-01
3.100180029869079590e-01
3.070485889911651611e-01
3.041457235813140869e-01
3.013077378273010254e-01
2.985331714153289795e-01
2.958209812641143799e-01
2.931693196296691895e-01
2.905767560005187988e-01
2.880415022373199463e-01
2.855620086193084717e-01
2.831373810768127441e-01
2.807660996913909912e-01
2.784464955329895020e-01
2.761771082878112793e-01
2.739565670490264893e-01
2.717834413051605225e-01
2.696564197540283203e-01
2.675741314888000488e-01
2.655352056026458740e-01
2.635383903980255127e-01
2.615824341773986816e-01
2.596661150455474854e-01
2.577883899211883545e-01
2.559480071067810059e-01
2.541439235210418701e-01
2.523751258850097656e-01
2.506405711174011230e-01
2.489392310380935669e-01
2.472700923681259155e-01
2.456322312355041504e-01
2.440247386693954468e-01
2.424466758966445923e-01
2.408971339464187622e-01
2.393753528594970703e-01
2.378804981708526611e-01
2.364120632410049438e-01
2.349694073200225830e-01
2.335517555475234985e-01
2.321583032608032227e-01
2.307883501052856445e-01
2.294412106275558472e-01
2.281162142753601074e-01
2.268128097057342529e-01
2.255304902791976929e-01
2.242685854434967041e-01
2.230268567800521851e-01
2.218046039342880249e-01
2.206012159585952759e-01
2.194161415100097656e-01
2.182488888502120972e-01
2.170989960432052612e-01
2.159660309553146362e-01
2.148494273424148560e-01
2.137487679719924927e-01
2.126636803150177002e-01
2.115936726331710815e-01
2.105382978916168213e-01
2.094971984624862671e-01
2.084700316190719604e-01
2.074563503265380859e-01
2.064558118581771851e-01
2.054680585861206055e-01
2.044927775859832764e-01
2.035296112298965454e-01
2.025782763957977295e-01
2.016386538743972778e-01
2.007104605436325073e-01
1.997934430837631226e-01
1.988872885704040527e-01
1.979916989803314209e-01
1.971064060926437378e-01
1.962311565876007080e-01
1.953657120466232300e-01
1.945099383592605591e-01
1.936636120080947876e-01
1.928264498710632324e-01
1.919982880353927612e-01
1.911793202161788940e-01
1.903692334890365601e-01
1.895677298307418823e-01
1.887746155261993408e-01
1.879896819591522217e-01
1.872130334377288818e-01
1.864446848630905151e-01
1.856842935085296631e-01
1.849316209554672241e-01
1.841865181922912598e-01
1.834487915039062500e-01
1.827182620763778687e-01
1.819947659969329834e-01
1.812781393527984619e-01
1.805682629346847534e-01
1.798656433820724487e-01
1.791699528694152832e-01
1.784809529781341553e-01
1.777984499931335449e-01
1.771223098039627075e-01
1.764523983001708984e-01
1.757885366678237915e-01
1.751306354999542236e-01
1.744785755872726440e-01
1.738322377204895020e-01
1.731916218996047974e-01
1.725566387176513672e-01
1.719273179769515991e-01
1.713034361600875854e-01
1.706849038600921631e-01
1.700716018676757812e-01
1.694635152816772461e-01
1.688604801893234253e-01
1.682623624801635742e-01
1.676691174507141113e-01
1.670806407928466797e-01
1.664969623088836670e-01
1.659178882837295532e-01
1.653433293104171753e-01
1.647731959819793701e-01
1.642074435949325562e-01
1.636459380388259888e-01
1.630886644124984741e-01
1.625354886054992676e-01
1.619863957166671753e-01
1.614413708448410034e-01
1.609010398387908936e-01
1.603652536869049072e-01
1.598337590694427490e-01
