-4.416266083717346191e-01 0.000000000000000000e+00
-4.195452630519866943e-01 0.000000000000000000e+00
-3.974639475345611572e-01 0.000000000000000000e+00
-3.753826022148132324e-01 0.000000000000000000e+00
-3.533012568950653076e-01 0.000000000000000000e+00
-3.312199413776397705e-01 0.000000000000000000e+00
-3.091385960578918457e-01 0.000000000000000000e+00
-2.870572507381439209e-01 0.000000000000000000e+00
-2.649759352207183838e-01 0.000000000000000000e+00
-2.428945899009704590e-01 0.000000000000000000e+00
-2.208132445812225342e-01 0.000000000000000000e+00
-1.987319141626358032e-01 0.000000000000000000e+00
-1.766505837440490723e-01 0.000000000000000000e+00
-1.545692384243011475e-01 0.000000000000000000e+00
-1.324879080057144165e-01 0.000000000000000000e+00
-1.104065701365470886e-01 0.000000000000000000e+00
-8.832523971796035767e-02 0.000000000000000000e+00
-6.624390184879302979e-02 0.000000000000000000e+00
-4.416256770491600037e-02 0.000000000000000000e+00
-2.208122983574867249e-02 0.000000000000000000e+00
1.052919884614311741e-07 0.000000000000000000e+00
2.208141423761844635e-02 0.000000000000000000e+00
4.416277632117271423e-02 0.000000000000000000e+00
6.624414026737213135e-02 0.000000000000000000e+00
8.832544833421707153e-02 0.000000000000000000e+00
1.104067564010620117e-01 0.000000000000000000e+00
1.324881166219711304e-01 0.000000000000000000e+00
1.545694768428802490e-01 0.000000000000000000e+00
1.766507923603057861e-01 0.000000000000000000e+00
1.987320929765701294e-01 0.000000000000000000e+00
2.208134680986404419e-01 0.000000000000000000e+00
2.428948283195495605e-01 0.000000000000000000e+00
2.649761438369750977e-01 0.000000000000000000e+00
2.870574295520782471e-01 0.000000000000000000e+00
3.091388046741485596e-01 0.000000000000000000e+00
3.312201797962188721e-01 0.000000000000000000e+00
3.533014655113220215e-01 0.000000000000000000e+00
3.753827810287475586e-01 0.000000000000000000e+00
3.974641561508178711e-01 0.000000000000000000e+00
4.195455014705657959e-01 0.000000000000000000e+00
4.416268169879913330e-01 0.000000000000000000e+00
4.637081325054168701e-01 0.000000000000000000e+00
4.857894480228424072e-01 0.000000000000000000e+00
5.078708529472351074e-01 0.000000000000000000e+00
5.299521684646606445e-01 0.000000000000000000e+00
5.520334839820861816e-01 0.000000000000000000e+00
5.741148591041564941e-01 0.000000000000000000e+00
5.961961746215820312e-01 0.000000000000000000e+00
6.182774901390075684e-01 0.000000000000000000e+00
6.403588056564331055e-01 0.000000000000000000e+00
6.624401211738586426e-01 0.000000000000000000e+00
6.845215559005737305e-01 0.000000000000000000e+00
7.066028714179992676e-01 0.000000000000000000e+00
7.286841273307800293e-01 0.000000000000000000e+00
7.507655620574951172e-01 0.000000000000000000e+00
7.728468775749206543e-01 0.000000000000000000e+00
7.949281930923461914e-01 0.000000000000000000e+00
8.170095086097717285e-01 0.000000000000000000e+00
8.390908241271972656e-01 0.000000000000000000e+00
8.611721992492675781e-01 0.000000000000000000e+00
8.832535147666931152e-01 0.000000000000000000e+00
9.053348302841186523e-01 0.000000000000000000e+00
9.274162650108337402e-01 0.000000000000000000e+00
9.494975805282592773e-01 0.000000000000000000e+00
9.715788960456848145e-01 0.000000000000000000e+00
9.936602115631103516e-01 0.000000000000000000e+00
1.015741467475891113e+00 0.000000000000000000e+00
1.037822961807250977e+00 0.000000000000000000e+00
1.059904217720031738e+00 0.000000000000000000e+00
1.081985473632812500e+00 0.000000000000000000e+00
1.104066967964172363e+00 0.000000000000000000e+00
1.126148223876953125e+00 0.000000000000000000e+00
1.148229598999023438e+00 0.000000000000000000e+00
1.170310854911804199e+00 0.000000000000000000e+00
1.192392230033874512e+00 0.000000000000000000e+00
1.214473605155944824e+00 0.000000000000000000e+00
1.236554861068725586e+00 0.000000000000000000e+00
1.258636236190795898e+00 0.000000000000000000e+00
1.280717611312866211e+00 0.000000000000000000e+00
1.302798986434936523e+00 0.000000000000000000e+00
1.324880242347717285e+00 0.000000000000000000e+00
