8.408209681510925293e-01
8.199879527091979980e-01
7.997620105743408203e-01
7.801294922828674316e-01
7.610788941383361816e-01
7.425946593284606934e-01
7.246645092964172363e-01
7.072762846946716309e-01
6.904187798500061035e-01
6.740767955780029297e-01
6.582368016242980957e-01
6.428862214088439941e-01
6.280133724212646484e-01
6.136045455932617188e-01
5.996474027633666992e-01
5.861300826072692871e-01
5.730399489402770996e-01
5.603649616241455078e-01
5.480934381484985352e-01
5.362136960029602051e-01
5.247144699096679688e-01
5.135853886604309082e-01
5.028151869773864746e-01
4.923934936523437500e-01
4.823097884654998779e-01
4.725551307201385498e-01
4.631211161613464355e-01
4.539973139762878418e-01
4.451738297939300537e-01
4.366410970687866211e-01
4.283902645111083984e-01
4.204122722148895264e-01
4.126982688903808594e-01
4.052402079105377197e-01
3.980310857295989990e-01
3.910619616508483887e-01
3.843259215354919434e-01
3.778149783611297607e-01
3.715215325355529785e-01
3.654381036758422852e-01
3.595583736896514893e-01
3.538748621940612793e-01
3.483810722827911377e-01
3.430703580379486084e-01
3.379365801811218262e-01
3.329755961894989014e-01
3.281811177730560303e-01
3.235471844673156738e-01
3.190684318542480469e-01
3.147388398647308350e-01
3.105532526969909668e-01
3.065061569213867188e-01
3.025928735733032227e-01
2.988085150718688965e-01
2.951489984989166260e-01
2.916100919246673584e-01
2.881873548030853271e-01
2.848760783672332764e-01
2.816727161407470703e-01
2.785733640193939209e-01
2.755737006664276123e-01
2.726700901985168457e-01
2.698585987091064453e-01
2.671356499195098877e-01
2.644977569580078125e-01
2.619413733482360840e-01
2.594633400440216064e-01
2.570605576038360596e-01
2.547300159931182861e-01
2.524687945842742920e-01
2.502741813659667969e-01
2.481434941291809082e-01
2.460741400718688965e-01
2.440635561943054199e-01
2.421093881130218506e-01
2.402094006538391113e-01
2.383613139390945435e-01
2.365630567073822021e-01
2.348133474588394165e-01
2.331098467111587524e-01
2.314507961273193359e-01
2.298342734575271606e-01
2.282585799694061279e-01
2.267220467329025269e-01
2.252233773469924927e-01
2.237609177827835083e-01
2.223336100578308105e-01
2.209398299455642700e-01
2.195782065391540527e-01
2.182474136352539062e-01
2.169462889432907104e-01
2.156737297773361206e-01
2.144284844398498535e-01
2.132095247507095337e-01
2.120158225297927856e-01
2.108463197946548462e-01
2.097000777721405029e-01
2.085761874914169312e-01
2.074737846851348877e-01
2.063920050859451294e-01
2.053300887346267700e-01
2.042872160673141479e-01
2.032626867294311523e-01
2.022557705640792847e-01
2.012661397457122803e-01
2.002930492162704468e-01
1.993359029293060303e-01
1.983940899372100830e-01
1.974670439958572388e-01
1.965541988611221313e-01
1.956550925970077515e-01
1.947692185640335083e-01
1.938962489366531372e-01
1.930356621742248535e-01
1.921870112419128418e-01
1.913502216339111328e-01
1.905249357223510742e-01
1.897106766700744629e-01
1.889070123434066772e-01
1.881136447191238403e-01
1.873303502798080444e-01
1.865572184324264526e-01
1.857936680316925049e-01
1.850393861532211304e-01
1.842940747737884521e-01
1.835574507713317871e-01
1.828292310237884521e-01
1.821091622114181519e-01
1.813969910144805908e-01
1.806924641132354736e-01
1.799958944320678711e-01
1.793071031570434570e-01
1.786256432533264160e-01
1.779513806104660034e-01
1.772840172052383423e-01
1.766233891248703003e-01
1.759692877531051636e-01
1.753215640783309937e-01
1.746800392866134644e-01
1.740445494651794434e-01
1.734150350093841553e-01
1.727913618087768555e-01
1.721735745668411255e-01
1.715614199638366699e-01
1.709547638893127441e-01
1.703534126281738281e-01
1.697574108839035034e-01
1.691665500402450562e-01
1.685806810855865479e-01
1.679996848106384277e-01
1.674234867095947266e-01
1.668520569801330566e-01
1.662852466106414795e-01
1.657229363918304443e-01
1.651650518178939819e-01
1.646114736795425415e-01
1.640621125698089600e-01
1.635169088840484619e-01
1.629757583141326904e-01
1.624386161565780640e-01
1.619053781032562256e-01
1.613760590553283691e-01
1.608513891696929932e-01
1.603309661149978638e-01
1.598146110773086548e-01
1.593022346496582031e-01
1.587938368320465088e-01
1.582894772291183472e-01
1.577889323234558105e-01
1.572921276092529297e-01
1.567989587783813477e-01
1.563094407320022583e-01
1.558234542608261108e-01
1.553409397602081299e-01
1.548618078231811523e-01
1.543859839439392090e-01
1.539134681224822998e-01
1.534441858530044556e-01
1.529781371355056763e-01
1.525152474641799927e-01
1.520554572343826294e-01
1.515987813472747803e-01
1.511452496051788330e-01
1.506947726011276245e-01
1.502474248409271240e-01
1.498030573129653931e-01
1.493616998195648193e-01
1.489233225584030151e-01
1.484878659248352051e-01
1.480552256107330322e-01
1.476253569126129150e-01
1.471982002258300781e-01
1.467738598585128784e-01
1.463522166013717651e-01
1.459332406520843506e-01
1.455168575048446655e-01
1.451030224561691284e-01
1.446917206048965454e-01
1.442828625440597534e-01
1.438764333724975586e-01
