-4.416266083717346191e-01 4.473724067211151123e-01
-4.195452630519866943e-01 4.253260791301727295e-01
-3.974639475345611572e-01 4.032888710498809814e-01
-3.753826022148132324e-01 3.812516033649444580e-01
-3.533012568950653076e-01 3.592206537723541260e-01
-3.312199413776397705e-01 3.372074365615844727e-01
-3.091385960578918457e-01 3.152183294296264648e-01
-2.870572507381439209e-01 2.932839393615722656e-01
-2.649759352207183838e-01 2.714092731475830078e-01
-2.428945899009704590e-01 2.495671361684799194e-01
-2.208132445812225342e-01 2.278016954660415649e-01
-1.987319141626358032e-01 2.061603814363479614e-01
-1.766505837440490723e-01 1.846993267536163330e-01
-1.545692384243011475e-01 1.634010225534439087e-01
-1.324879080057144165e-01 1.423790305852890015e-01
-1.104065701365470886e-01 1.217927336692810059e-01
-8.832523971796035767e-02 1.021314561367034912e-01
-6.624390184879302979e-02 8.337463438510894775e-02
-4.416256770491600037e-02 6.588196009397506714e-02
-2.208122983574867249e-02 5.030499026179313660e-02
1.052919884614311741e-07 3.801732510328292847e-02
2.208141423761844635e-02 2.918895892798900604e-02
4.416277632117271423e-02 2.300345525145530701e-02
6.624414026737213135e-02 1.838245242834091187e-02
8.832544833421707153e-02 1.480258256196975708e-02
1.104067564010620117e-01 1.181227713823318481e-02
1.324881166219711304e-01 9.113281965255737305e-03
1.545694768428802490e-01 6.655618548393249512e-03
1.766507923603057861e-01 4.329621791839599609e-03
1.987320929765701294e-01 2.083763480186462402e-03
2.208134680986404419e-01 -1.195222139358520508e-04
2.428948283195495605e-01 -2.304062247276306152e-03
2.649761438369750977e-01 -4.473775625228881836e-03
2.870574295520782471e-01 -6.638914346694946289e-03
3.091388046741485596e-01 -8.785367012023925781e-03
3.312201797962188721e-01 -1.091408729553222656e-02
3.533014655113220215e-01 -1.303073763847351074e-02
3.753827810287475586e-01 -1.513424515724182129e-02
3.974641561508178711e-01 -1.723420619964599609e-02
4.195455014705657959e-01 -1.932987570762634277e-02
4.416268169879913330e-01 -2.141943573951721191e-02
4.637081325054168701e-01 -2.350798249244689941e-02
4.857894480228424072e-01 -2.559587359428405762e-02
5.078708529472351074e-01 -2.767804265022277832e-02
5.299521684646606445e-01 -2.975672483444213867e-02
5.520334839820861816e-01 -3.183472156524658203e-02
5.741148591041564941e-01 -3.391182422637939453e-02
5.961961746215820312e-01 -3.598904609680175781e-02
6.182774901390075684e-01 -3.806620836257934570e-02
6.403588056564331055e-01 -4.014277458190917969e-02
6.624401211738586426e-01 -4.221838712692260742e-02
6.845215559005737305e-01 -4.429310560226440430e-02
7.066028714179992676e-01 -4.636555910110473633e-02
7.286841273307800293e-01 -4.843795299530029297e-02
7.507655620574951172e-01 -5.050802230834960938e-02
7.728468775749206543e-01 -5.257469415664672852e-02
7.949281930923461914e-01 -5.463790893554687500e-02
8.170095086097717285e-01 -5.670112371444702148e-02
8.390908241271972656e-01 -5.876159667968750000e-02
8.611721992492675781e-01 -6.082135438919067383e-02
8.832535147666931152e-01 -6.288117170333862305e-02
9.053348302841186523e-01 -6.494092941284179688e-02
9.274162650108337402e-01 -6.699985265731811523e-02
9.494975805282592773e-01 -6.905883550643920898e-02
9.715788960456848145e-01 -7.111781835556030273e-02
9.936602115631103516e-01 -7.317668199539184570e-02
1.015741467475891113e+00 -7.523554563522338867e-02
1.037822961807250977e+00 -7.729405164718627930e-02
1.059904217720031738e+00 -7.935088872909545898e-02
1.081985473632812500e+00 -8.140730857849121094e-02
1.104066967964172363e+00 -8.346366882324218750e-02
1.126148223876953125e+00 -8.552014827728271484e-02
1.148229598999023438e+00 -8.757662773132324219e-02
1.170310854911804199e+00 -8.963298797607421875e-02
1.192392230033874512e+00 -9.168946743011474609e-02
1.214473605155944824e+00 -9.374594688415527344e-02
1.236554861068725586e+00 -9.580230712890625000e-02
1.258636236190795898e+00 -9.785878658294677734e-02
1.280717611312866211e+00 -9.991514682769775391e-02
1.302798986434936523e+00 -1.019716262817382812e-01
1.324880242347717285e+00 -1.040281057357788086e-01
