-4.416266083717346191e-01 4.474983215332031250e-01
-4.195452630519866943e-01 4.254527688026428223e-01
-3.974639475345611572e-01 4.034165143966674805e-01
-3.753826022148132324e-01 3.813802301883697510e-01
-3.533012568950653076e-01 3.593503832817077637e-01
-3.312199413776397705e-01 3.373386561870574951e-01
-3.091385960578918457e-01 3.153515458106994629e-01
-2.870572507381439209e-01 2.934204041957855225e-01
-2.649759352207183838e-01 2.715502381324768066e-01
-2.428945899009704590e-01 2.497133612632751465e-01
-2.208132445812225342e-01 2.279548496007919312e-01
-1.987319141626358032e-01 2.063231617212295532e-01
-1.766505837440490723e-01 1.848756968975067139e-01
-1.545692384243011475e-01 1.635945588350296021e-01
-1.324879080057144165e-01 1.425957828760147095e-01
-1.104065701365470886e-01 1.220422461628913879e-01
-8.832523971796035767e-02 1.024340018630027771e-01
-6.624390184879302979e-02 8.375003188848495483e-02
-4.416256770491600037e-02 6.635791808366775513e-02
-2.208122983574867249e-02 5.092348158359527588e-02
1.052919884614311741e-07 3.885043784976005554e-02
2.208141423761844635e-02 3.031249530613422394e-02
4.416277632117271423e-02 2.447532489895820618e-02
6.624414026737213135e-02 2.023694664239883423e-02
8.832544833421707153e-02 1.706251502037048340e-02
1.104067564010620117e-01 1.449057459831237793e-02
1.324881166219711304e-01 1.221631467342376709e-02
1.545694768428802490e-01 1.018866896629333496e-02
1.766507923603057861e-01 8.295580744743347168e-03
1.987320929765701294e-01 6.484434008598327637e-03
2.208134680986404419e-01 4.716709256172180176e-03
2.428948283195495605e-01 2.968207001686096191e-03
2.649761438369750977e-01 1.234859228134155273e-03
2.870574295520782471e-01 -4.938244819641113281e-04
3.091388046741485596e-01 -2.203434705734252930e-03
3.312201797962188721e-01 -3.894925117492675781e-03
3.533014655113220215e-01 -5.574107170104980469e-03
3.753827810287475586e-01 -7.239818572998046875e-03
3.974641561508178711e-01 -8.901864290237426758e-03
4.195455014705657959e-01 -1.055955886840820312e-02
4.416268169879913330e-01 -1.221108436584472656e-02
4.637081325054168701e-01 -1.386147737503051758e-02
4.857894480228424072e-01 -1.551121473312377930e-02
5.078708529472351074e-01 -1.715511083602905273e-02
5.299521684646606445e-01 -1.879549026489257812e-02
5.520334839820861816e-01 -2.043521404266357422e-02
5.741148591041564941e-01 -2.207392454147338867e-02
5.961961746215820312e-01 -2.371269464492797852e-02
6.182774901390075684e-01 -2.535146474838256836e-02
6.403588056564331055e-01 -2.698981761932373047e-02
6.624401211738586426e-01 -2.862697839736938477e-02
6.845215559005737305e-01 -3.026318550109863281e-02
7.066028714179992676e-01 -3.189718723297119141e-02
7.286841273307800293e-01 -3.353112936019897461e-02
7.507655620574951172e-01 -3.516268730163574219e-02
7.728468775749206543e-01 -3.679072856903076172e-02
7.949281930923461914e-01 -3.841537237167358398e-02
8.170095086097717285e-01 -4.003989696502685547e-02
8.390908241271972656e-01 -4.166150093078613281e-02
8.611721992492675781e-01 -4.328256845474243164e-02
8.832535147666931152e-01 -4.490351676940917969e-02
9.053348302841186523e-01 -4.652464389801025391e-02
9.274162650108337402e-01 -4.814487695693969727e-02
9.494975805282592773e-01 -4.976499080657958984e-02
9.715788960456848145e-01 -5.138516426086425781e-02
9.936602115631103516e-01 -5.300527811050415039e-02
1.015741467475891113e+00 -5.462527275085449219e-02
1.037822961807250977e+00 -5.624514818191528320e-02
1.059904217720031738e+00 -5.786311626434326172e-02
1.081985473632812500e+00 -5.948066711425781250e-02
1.104066967964172363e+00 -6.109833717346191406e-02
1.126148223876953125e+00 -6.271600723266601562e-02
1.148229598999023438e+00 -6.433367729187011719e-02
1.170310854911804199e+00 -6.595122814178466797e-02
1.192392230033874512e+00 -6.756877899169921875e-02
1.214473605155944824e+00 -6.918632984161376953e-02
1.236554861068725586e+00 -7.080388069152832031e-02
1.258636236190795898e+00 -7.242155075073242188e-02
1.280717611312866211e+00 -7.403922080993652344e-02
1.302798986434936523e+00 -7.565689086914062500e-02
1.324880242347717285e+00 -7.727444171905517578e-02
