-4.416266083717346191e-01 5.502004176378250122e-03
-4.195452630519866943e-01 5.535554606467485428e-03
-3.974639475345611572e-01 5.577773787081241608e-03
-3.753826022148132324e-01 5.619993433356285095e-03
-3.533012568950653076e-01 5.668251775205135345e-03
-3.312199413776397705e-01 5.733455996960401535e-03
-3.091385960578918457e-01 5.821770057082176208e-03
-2.870572507381439209e-01 5.962505936622619629e-03
-2.649759352207183838e-01 6.160374265164136887e-03
-2.428945899009704590e-01 6.389444228261709213e-03
-2.208132445812225342e-01 6.691949907690286636e-03
-1.987319141626358032e-01 7.113286759704351425e-03
-1.766505837440490723e-01 7.707245182245969772e-03
-1.545692384243011475e-01 8.457062765955924988e-03
-1.324879080057144165e-01 9.471463039517402649e-03
-1.104065701365470886e-01 1.090306788682937622e-02
-8.832523971796035767e-02 1.322044432163238525e-02
-6.624390184879302979e-02 1.640390790998935699e-02
-4.416256770491600037e-02 2.079787850379943848e-02
-2.208122983574867249e-02 2.702627889811992645e-02
1.052919884614311741e-07 3.640442341566085815e-02
2.208141423761844635e-02 4.909507557749748230e-02
4.416277632117271423e-02 6.431648880243301392e-02
6.624414026737213135e-02 8.103604614734649658e-02
8.832544833421707153e-02 9.875249862670898438e-02
1.104067564010620117e-01 1.170335188508033752e-01
1.324881166219711304e-01 1.355935186147689819e-01
1.545694768428802490e-01 1.543846130371093750e-01
1.766507923603057861e-01 1.733017414808273315e-01
1.987320929765701294e-01 1.922956407070159912e-01
2.208134680986404419e-01 2.113303095102310181e-01
2.428948283195495605e-01 2.303829491138458252e-01
2.649761438369750977e-01 2.494497299194335938e-01
2.870574295520782471e-01 2.685208916664123535e-01
3.091388046741485596e-01 2.876100242137908936e-01
3.312201797962188721e-01 3.067161440849304199e-01
3.533014655113220215e-01 3.258336782455444336e-01
3.753827810287475586e-01 3.449638485908508301e-01
3.974641561508178711e-01 3.640975356101989746e-01
4.195455014705657959e-01 3.832352459430694580e-01
4.416268169879913330e-01 4.023787677288055420e-01
4.637081325054168701e-01 4.215233027935028076e-01
4.857894480228424072e-01 4.406684637069702148e-01
5.078708529472351074e-01 4.598191678524017334e-01
5.299521684646606445e-01 4.789731502532958984e-01
5.520334839820861816e-01 4.981276988983154297e-01
5.741148591041564941e-01 5.172832012176513672e-01
5.961961746215820312e-01 5.364387035369873047e-01
6.182774901390075684e-01 5.555940270423889160e-01
6.403588056564331055e-01 5.747500061988830566e-01
6.624401211738586426e-01 5.939068198204040527e-01
6.845215559005737305e-01 6.130648255348205566e-01
7.066028714179992676e-01 6.322246789932250977e-01
7.286841273307800293e-01 6.513846516609191895e-01
7.507655620574951172e-01 6.705469489097595215e-01
7.728468775749206543e-01 6.897124052047729492e-01
7.949281930923461914e-01 7.088811397552490234e-01
8.170095086097717285e-01 7.280498743057250977e-01
8.390908241271972656e-01 7.472213506698608398e-01
8.611721992492675781e-01 7.663934826850891113e-01
8.832535147666931152e-01 7.855654954910278320e-01
9.053348302841186523e-01 8.047376275062561035e-01
9.274162650108337402e-01 8.239104747772216797e-01
9.494975805282592773e-01 8.430833816528320312e-01
9.715788960456848145e-01 8.622562289237976074e-01
9.936602115631103516e-01 8.814291954040527344e-01
1.015741467475891113e+00 9.006021618843078613e-01
1.037822961807250977e+00 9.197754263877868652e-01
1.059904217720031738e+00 9.389503598213195801e-01
1.081985473632812500e+00 9.581255912780761719e-01
1.104066967964172363e+00 9.773009419441223145e-01
1.126148223876953125e+00 9.964762330055236816e-01
1.148229598999023438e+00 1.015651583671569824e+00
1.170310854911804199e+00 1.034826755523681641e+00
1.192392230033874512e+00 1.054001927375793457e+00
1.214473605155944824e+00 1.073177456855773926e+00
1.236554861068725586e+00 1.092352628707885742e+00
1.258636236190795898e+00 1.111527919769287109e+00
1.280717611312866211e+00 1.130703210830688477e+00
1.302798986434936523e+00 1.149878501892089844e+00
1.324880242347717285e+00 1.169053792953491211e+00
