-4.416266083717346191e-01 5.935686640441417694e-03
-4.195452630519866943e-01 5.971881560981273651e-03
-3.974639475345611572e-01 6.017428357154130936e-03
-3.753826022148132324e-01 6.062976084649562836e-03
-3.533012568950653076e-01 6.115037947893142700e-03
-3.312199413776397705e-01 6.185382138937711716e-03
-3.091385960578918457e-01 6.280657369643449783e-03
-2.870572507381439209e-01 6.432485766708850861e-03
-2.649759352207183838e-01 6.645951420068740845e-03
-2.428945899009704590e-01 6.893076468259096146e-03
-2.208132445812225342e-01 7.219425868242979050e-03
-1.987319141626358032e-01 7.673974614590406418e-03
-1.766505837440490723e-01 8.314750157296657562e-03
-1.545692384243011475e-01 9.123670868575572968e-03
-1.324879080057144165e-01 1.021802984178066254e-02
-1.104065701365470886e-01 1.176247652620077133e-02
-8.832523971796035767e-02 1.426251418888568878e-02
-6.624390184879302979e-02 1.769690588116645813e-02
-4.416256770491600037e-02 2.243722230195999146e-02
-2.208122983574867249e-02 2.915656194090843201e-02
1.052919884614311741e-07 3.927391767501831055e-02
2.208141423761844635e-02 5.296487733721733093e-02
4.416277632117271423e-02 6.938609480857849121e-02
6.624414026737213135e-02 8.742352575063705444e-02
8.832544833421707153e-02 1.065364331007003784e-01
1.104067564010620117e-01 1.262584030628204346e-01
1.324881166219711304e-01 1.462813764810562134e-01
1.545694768428802490e-01 1.665536314249038696e-01
1.766507923603057861e-01 1.869618594646453857e-01
1.987320929765701294e-01 2.074528783559799194e-01
2.208134680986404419e-01 2.279879301786422729e-01
2.428948283195495605e-01 2.485423386096954346e-01
2.649761438369750977e-01 2.691120207309722900e-01
2.870574295520782471e-01 2.896864712238311768e-01
3.091388046741485596e-01 3.102802336215972900e-01
3.312201797962188721e-01 3.308923244476318359e-01
3.533014655113220215e-01 3.515167534351348877e-01
3.753827810287475586e-01 3.721548616886138916e-01
3.974641561508178711e-01 3.927966654300689697e-01
4.195455014705657959e-01 4.134429097175598145e-01
4.416268169879913330e-01 4.340953528881072998e-01
4.637081325054168701e-01 4.547488987445831299e-01
4.857894480228424072e-01 4.754031300544738770e-01
5.078708529472351074e-01 4.960632920265197754e-01
5.299521684646606445e-01 5.167270302772521973e-01
5.520334839820861816e-01 5.373914837837219238e-01
5.741148591041564941e-01 5.580568313598632812e-01
5.961961746215820312e-01 5.787221193313598633e-01
6.182774901390075684e-01 5.993874669075012207e-01
6.403588056564331055e-01 6.200532317161560059e-01
6.624401211738586426e-01 6.407201886177062988e-01
6.845215559005737305e-01 6.613881587982177734e-01
7.066028714179992676e-01 6.820582747459411621e-01
7.286841273307800293e-01 7.027283906936645508e-01
7.507655620574951172e-01 7.234012484550476074e-01
7.728468775749206543e-01 7.440773248672485352e-01
7.949281930923461914e-01 7.647570371627807617e-01
8.170095086097717285e-01 7.854367494583129883e-01
8.390908241271972656e-01 8.061193823814392090e-01
8.611721992492675781e-01 8.268026709556579590e-01
8.832535147666931152e-01 8.474859595298767090e-01
9.053348302841186523e-01 8.681691288948059082e-01
9.274162650108337402e-01 8.888532519340515137e-01
9.494975805282592773e-01 9.095374941825866699e-01
9.715788960456848145e-01 9.302216768264770508e-01
9.936602115631103516e-01 9.509057402610778809e-01
1.015741467475891113e+00 9.715900421142578125e-01
1.037822961807250977e+00 9.922746419906616211e-01
1.059904217720031738e+00 1.012960910797119141e+00
1.081985473632812500e+00 1.033647656440734863e+00
1.104066967964172363e+00 1.054334402084350586e+00
1.126148223876953125e+00 1.075021147727966309e+00
1.148229598999023438e+00 1.095707893371582031e+00
1.170310854911804199e+00 1.116394519805908203e+00
1.192392230033874512e+00 1.137081265449523926e+00
1.214473605155944824e+00 1.157768011093139648e+00
1.236554861068725586e+00 1.178454756736755371e+00
1.258636236190795898e+00 1.199141502380371094e+00
1.280717611312866211e+00 1.219828367233276367e+00
1.302798986434936523e+00 1.240514993667602539e+00
1.324880242347717285e+00 1.261201739311218262e+00
