0.000000000000000000e+00
0.000000000000000000e+00
0.000000000000000000e+00
0.000000000000000000e+00
0.000000000000000000e+00
0.000000000000000000e+00
0.000000000000000000e+00
0.000000000000000000e+00
0.000000000000000000e+00
0.000000000000000000e+00
0.000000000000000000e+00
0.000000000000000000e+00
0.000000000000000000e+00
0.000000000000000000e+00
0.000000000000000000e+00
0.000000000000000000e+00
0.000000000000000000e+00
0.000000000000000000e+00
0.000000000000000000e+00
0.000000000000000000e+00
0.000000000000000000e+00
0.000000000000000000e+00
0.000000000000000000e+00
0.000000000000000000e+00
0.000000000000000000e+00
0.000000000000000000e+00
0.000000000000000000e+00
0.000000000000000000e+00
0.000000000000000000e+00
0.000000000000000000e+00
0.000000000000000000e+00
0.000000000000000000e+00
0.000000000000000000e+00
0.000000000000000000e+00
0.000000000000000000e+00
0.000000000000000000e+00
0.000000000000000000e+00
0.000000000000000000e+00
0.000000000000000000e+00
0.000000000000000000e+00
0.000000000000000000e+00
0.000000000000000000e+00
0.000000000000000000e+00
0.000000000000000000e+00
0.000000000000000000e+00
0.000000000000000000e+00
0.000000000000000000e+00
0.000000000000000000e+00
0.000000000000000000e+00
0.000000000000000000e+00
0.000000000000000000e+00
3.233606740832328796e-02
4.256092756986618042e-02
5.054113641381263733e-02
5.682853981852531433e-02
6.200970336794853210e-02
6.650269031524658203e-02
7.085924595594406128e-02
7.488410919904708862e-02
7.865561544895172119e-02
8.222449570894241333e-02
8.562532067298889160e-02
8.892299979925155640e-02
9.229416400194168091e-02
9.556693583726882935e-02
9.875174611806869507e-02
1.018570661544799805e-01
1.048897802829742432e-01
1.078556925058364868e-01
1.107765808701515198e-01
1.137638315558433533e-01
1.167031675577163696e-01
1.195973008871078491e-01
1.224487945437431335e-01
1.252598762512207031e-01
1.280321925878524780e-01
1.307676732540130615e-01
1.335173547267913818e-01
1.363232433795928955e-01
1.391012668609619141e-01
1.418523043394088745e-01
1.445771157741546631e-01
1.472764164209365845e-01
1.499506384134292603e-01
1.526004821062088013e-01
1.552484631538391113e-01
1.579407453536987305e-01
1.606126576662063599e-01
1.632645130157470703e-01
1.658965349197387695e-01
1.685089021921157837e-01
1.711016893386840820e-01
1.736751645803451538e-01
1.762293726205825806e-01
1.788156926631927490e-01
1.813946813344955444e-01
1.839563548564910889e-01
1.865005195140838623e-01
1.890273094177246094e-01
1.915364712476730347e-01
1.940281987190246582e-01
1.965024024248123169e-01
1.989621222019195557e-01
2.014378607273101807e-01
2.038966119289398193e-01
2.063383013010025024e-01
2.087627351284027100e-01
2.111701518297195435e-01
2.135600745677947998e-01
2.159327566623687744e-01
2.182877510786056519e-01
2.206249237060546875e-01
2.229610532522201538e-01
2.252812981605529785e-01
2.275836914777755737e-01
2.298680990934371948e-01
2.321348488330841064e-01
2.343837022781372070e-01
2.366145551204681396e-01
2.388267964124679565e-01
2.410210669040679932e-01
2.431994825601577759e-01
2.453716546297073364e-01
2.475256472826004028e-01
2.496613860130310059e-01
2.517784535884857178e-01
2.538770437240600586e-01
2.559569180011749268e-01
2.580180764198303223e-01
2.600602507591247559e-01
2.620839774608612061e-01
2.640887200832366943e-01
2.660769224166870117e-01
2.680481374263763428e-01
2.700004875659942627e-01
2.719340026378631592e-01
2.738484442234039307e-01
2.757435441017150879e-01
2.776196300983428955e-01
2.794769406318664551e-01
2.813149392604827881e-01
2.831338047981262207e-01
2.849333286285400391e-01
2.867139875888824463e-01
2.884906828403472900e-01
2.902519702911376953e-01
2.919940054416656494e-01
2.937171757221221924e-01
2.954214513301849365e-01
2.971068024635314941e-01
2.987734973430633545e-01
3.004210889339447021e-01
3.020499050617218018e-01
3.036597073078155518e-01
3.052512109279632568e-01
3.068238794803619385e-01
3.083779513835906982e-01
3.099226951599121094e-01
3.114568889141082764e-01
3.129729032516479492e-01
3.144706189632415771e-01
3.159498870372772217e-01
3.174112439155578613e-01
3.188543915748596191e-01
3.202796578407287598e-01
3.216867744922637939e-01
3.230763971805572510e-01
3.244482874870300293e-01
3.258023560047149658e-01
3.271391987800598145e-01
3.284582495689392090e-01
3.297602832317352295e-01
3.310449719429016113e-01
3.323216140270233154e-01
3.335831463336944580e-01
3.348273634910583496e-01
3.360549509525299072e-01
3.372661769390106201e-01
3.384605050086975098e-01
3.396387696266174316e-01
3.408001959323883057e-01
3.419457376003265381e-01
3.430753350257873535e-01
3.441890776157379150e-01
3.452872037887573242e-01
3.463693559169769287e-01
3.474362492561340332e-01
3.484877347946166992e-01
3.495237827301025391e-01
3.505450487136840820e-01
3.515509366989135742e-01
3.525423705577850342e-01
3.535216748714447021e-01
3.544937670230865479e-01
3.554508686065673828e-01
3.563940227031707764e-01
3.573232293128967285e-01
3.582381308078765869e-01
3.591390550136566162e-01
3.600265979766845703e-01
3.609007000923156738e-01
3.617609739303588867e-01
3.626079857349395752e-01
3.634417653083801270e-01
3.642627894878387451e-01
3.650704026222229004e-01
3.658660948276519775e-01
3.666486442089080811e-01
3.674192428588867188e-01
3.681772351264953613e-01
3.689226806163787842e-01
3.696570992469787598e-01
3.703791797161102295e-01
3.710895180702209473e-01
3.717885911464691162e-01
3.724758327007293701e-01
3.731515705585479736e-01
3.738169074058532715e-01
3.744713068008422852e-01
3.751141726970672607e-01
3.757478296756744385e-01
3.763709366321563721e-01
3.769843578338623047e-01
3.775871396064758301e-01
3.781799972057342529e-01
3.787627816200256348e-01
3.793348371982574463e-01
3.798978030681610107e-01
3.804514408111572266e-01
3.809951245784759521e-01
3.815294802188873291e-01
3.820541203022003174e-01
3.825699985027313232e-01
3.830767273902893066e-01
3.835748732089996338e-01
3.840637207031250000e-01
3.845444023609161377e-01
3.850164115428924561e-01
3.854799270629882812e-01
3.859353363513946533e-01
3.863821029663085938e-01
3.868211507797241211e-01
3.872523605823516846e-01
3.876756727695465088e-01
3.880915939807891846e-01
3.884993791580200195e-01
3.888997137546539307e-01
3.892930746078491211e-01
3.896787762641906738e-01
3.900573253631591797e-01
3.904291093349456787e-01
3.873751759529113770e-01
3.843673467636108398e-01
3.814044594764709473e-01
3.784861266613006592e-01
3.756107091903686523e-01
3.727847635746002197e-01
3.700005710124969482e-01
3.672563731670379639e-01
3.645519018173217773e-01
3.618853390216827393e-01
3.592568635940551758e-01
3.566647768020629883e-01
3.541087508201599121e-01
3.516051471233367920e-01
3.491438627243041992e-01
3.467157781124114990e-01
3.443202674388885498e-01
3.419564664363861084e-01
3.396239280700683594e-01
3.373218774795532227e-01
3.350498676300048828e-01
3.328077495098114014e-01
3.305994272232055664e-01
3.284323215484619141e-01
3.262929320335388184e-01
3.241800665855407715e-01
3.220936954021453857e-01
3.200330138206481934e-01
3.179977536201477051e-01
3.159871995449066162e-01
3.140012919902801514e-01
3.120388090610504150e-01
3.101005256175994873e-01
3.081963956356048584e-01
3.063252568244934082e-01
3.044761717319488525e-01
3.026485145092010498e-01
3.008420467376708984e-01
2.990558445453643799e-01
2.972901463508605957e-01
2.955445051193237305e-01
2.938182651996612549e-01
2.921115159988403320e-01
2.904241681098937988e-01
2.887550294399261475e-01
2.871039509773254395e-01
2.854891121387481689e-01
2.838920950889587402e-01
2.823124825954437256e-01
2.807494103908538818e-01
2.792027890682220459e-01
2.776726484298706055e-01
2.761583626270294189e-01
2.746598720550537109e-01
2.731770277023315430e-01
2.717095017433166504e-01
2.702568769454956055e-01
2.688193023204803467e-01
2.673963308334350586e-01
2.659874260425567627e-01
2.645937502384185791e-01
2.632165551185607910e-01
2.618533074855804443e-01
2.605032622814178467e-01
2.591663002967834473e-01
2.578429579734802246e-01
2.565321028232574463e-01
2.552339136600494385e-01
2.539484798908233643e-01
2.526754140853881836e-01
2.514142692089080811e-01
2.501651644706726074e-01
2.489279210567474365e-01
2.477024048566818237e-01
2.464882284402847290e-01
2.452853769063949585e-01
2.440938055515289307e-01
2.429133355617523193e-01
2.417518198490142822e-01
2.406016439199447632e-01
2.394613772630691528e-01
2.383317351341247559e-01
2.372120767831802368e-01
2.361025214195251465e-01
2.350029200315475464e-01
2.339127659797668457e-01
2.328322827816009521e-01
2.317612469196319580e-01
2.306995391845703125e-01
2.296471744775772095e-01
2.286037802696228027e-01
2.275694161653518677e-01
2.265442460775375366e-01
2.255273610353469849e-01
2.245193421840667725e-01
2.235199064016342163e-01
2.225289344787597656e-01
2.215461581945419312e-01
2.205736488103866577e-01
2.196156382560729980e-01
2.186652272939682007e-01
2.177226096391677856e-01
2.167879790067672729e-01
2.158606052398681641e-01
2.149408310651779175e-01
2.140286862850189209e-01
2.131236344575881958e-01
2.122258096933364868e-01
2.113351672887802124e-01
2.104515880346298218e-01
2.095751017332077026e-01
2.087053954601287842e-01
2.078425735235214233e-01
2.069863528013229370e-01
2.061369121074676514e-01
2.052939683198928833e-01
2.044575810432434082e-01
2.036276161670684814e-01
2.028041183948516846e-01
2.019867300987243652e-01
2.011755257844924927e-01
2.003707438707351685e-01
1.995718181133270264e-01
1.987787783145904541e-01
1.980044990777969360e-01
1.972366869449615479e-01
1.964745074510574341e-01
1.957178860902786255e-01
1.949666440486907959e-01
1.942207813262939453e-01
1.934804767370223999e-01
1.927452832460403442e-01
1.920154690742492676e-01
1.912908405065536499e-01
1.905712187290191650e-01
1.898568123579025269e-01
1.891473382711410522e-01
1.884429603815078735e-01
1.877434104681015015e-01
1.870487630367279053e-01
1.863590031862258911e-01
1.856739521026611328e-01
1.849936544895172119e-01
1.843180507421493530e-01
1.836470216512680054e-01
1.829806715250015259e-01
1.823186278343200684e-01
1.816613078117370605e-01
1.810083985328674316e-01
1.803597509860992432e-01
1.797154545783996582e-01
1.790756583213806152e-01
1.784399449825286865e-01
1.778086274862289429e-01
1.771813184022903442e-01
1.765606850385665894e-01
1.759590655565261841e-01
1.753612011671066284e-01
1.747668832540512085e-01
1.741766631603240967e-01
1.735899150371551514e-01
1.730070114135742188e-01
1.724275946617126465e-01
1.718519479036331177e-01
1.712797433137893677e-01
1.707112491130828857e-01
1.701461672782897949e-01
1.695845872163772583e-01
1.690264344215393066e-01
1.684717535972595215e-01
1.679204553365707397e-01
1.673725098371505737e-01
1.668278872966766357e-01
1.662865579128265381e-01
1.657484769821166992e-01
1.652137339115142822e-01
1.646821647882461548e-01
1.641536951065063477e-01
1.636284291744232178e-01
1.631063371896743774e-01
1.625872999429702759e-01
1.620712429285049438e-01
1.615583747625350952e-01
1.610484719276428223e-01
1.605415493249893188e-01
1.600376218557357788e-01
1.595365703105926514e-01
1.590384542942047119e-01
1.585432589054107666e-01
1.580509245395660400e-01
1.575613617897033691e-01
1.570746749639511108e-01
1.565906852483749390e-01
1.561096012592315674e-01
1.556312441825866699e-01
1.551554799079895020e-01
1.546824276447296143e-01
1.542259603738784790e-01
1.537761837244033813e-01
1.533288210630416870e-01
1.528839319944381714e-01
1.524413973093032837e-01
1.520012319087982178e-01
1.515633761882781982e-01
1.511279195547103882e-01
1.506946831941604614e-01
1.502637267112731934e-01
1.498351544141769409e-01
1.494087725877761841e-01
1.489846408367156982e-01
1.485626846551895142e-01
1.481429785490036011e-01
1.477254182100296021e-01
1.473101079463958740e-01
1.468968987464904785e-01
1.464857310056686401e-01
1.460767388343811035e-01
1.456699520349502563e-01
1.452651917934417725e-01
1.448624283075332642e-01
1.444617956876754761e-01
1.440631896257400513e-01
1.436665654182434082e-01
1.432720124721527100e-01
1.428793668746948242e-01
1.424888074398040771e-01
1.421000957489013672e-01
1.417134106159210205e-01
1.413285732269287109e-01
1.409457176923751831e-01
1.405647546052932739e-01
1.401856690645217896e-01
1.398084908723831177e-01
1.394331604242324829e-01
1.390596628189086914e-01
1.386880576610565186e-01
1.383182555437088013e-01
1.379502117633819580e-01
1.375839561223983765e-01
1.372195482254028320e-01
1.368568688631057739e-01
1.364959478378295898e-01
1.361368447542190552e-01
1.357793360948562622e-01
1.354236155748367310e-01
1.350696086883544922e-01
1.347172409296035767e-01
1.343666464090347290e-01
1.340177208185195923e-01
1.336703747510910034e-01
1.333246976137161255e-01
1.329806447029113770e-01
1.326382458209991455e-01
1.323083341121673584e-01
1.319884508848190308e-01
1.316699981689453125e-01
1.313528567552566528e-01
1.310371309518814087e-01
1.307228654623031616e-01
1.304098814725875854e-01
1.300983428955078125e-01
1.297881007194519043e-01
1.294791400432586670e-01
1.291716396808624268e-01
1.288653612136840820e-01
1.285604089498519897e-01
1.282567679882049561e-01
1.279544979333877563e-01
1.276535093784332275e-01
1.273537576198577881e-01
1.270553171634674072e-01
1.267580538988113403e-01
1.264621317386627197e-01
1.261674165725708008e-01
1.258739978075027466e-01
1.255817562341690063e-01
1.252907812595367432e-01
1.250010579824447632e-01
1.247124671936035156e-01
1.244250684976577759e-01
1.241390034556388855e-01
1.238540038466453552e-01
1.235702410340309143e-01
1.232876256108283997e-01
1.230062469840049744e-01
1.227259561419487000e-01
1.224468573927879333e-01
1.221688762307167053e-01
1.218920201063156128e-01
1.216163560748100281e-01
1.213417649269104004e-01
1.210683062672615051e-01
1.207959800958633423e-01
1.205246746540069580e-01
1.202545836567878723e-01
1.199855133891105652e-01
1.197175309062004089e-01
1.194506809115409851e-01
1.191848739981651306e-01
1.189201399683952332e-01
1.186564117670059204e-01
1.183938011527061462e-01
1.181322410702705383e-01
1.178716793656349182e-01
1.176121681928634644e-01
1.173536479473114014e-01
1.170962080359458923e-01
1.168397814035415649e-01
1.165843456983566284e-01
1.163298934698104858e-01
1.160764917731285095e-01
1.158240288496017456e-01
1.155726313591003418e-01
1.153221428394317627e-01
1.150726154446601868e-01
1.148241534829139709e-01
1.145765408873558044e-01
1.143299788236618042e-01
1.140843331813812256e-01
1.138396039605140686e-01
1.135958805680274963e-01
1.133530214428901672e-01
1.131111159920692444e-01
1.128701567649841309e-01
1.126301437616348267e-01
1.123910099267959595e-01
1.121528148651123047e-01
1.119154319167137146e-01
1.116790398955345154e-01
1.114435568451881409e-01
1.112088710069656372e-01
1.109751462936401367e-01
1.107422858476638794e-01
1.105103120207786560e-01
1.102860793471336365e-01
1.100683510303497314e-01
1.098513156175613403e-01
1.096350625157356262e-01
1.094195917248725891e-01
1.092048585414886475e-01
1.089908406138420105e-01
1.087776049971580505e-01
1.085650771856307983e-01
1.083533093333244324e-01
1.081422492861747742e-01
1.079319417476654053e-01
1.077223867177963257e-01
1.075135394930839539e-01
1.073053553700447083e-01
1.070979833602905273e-01
1.068912222981452942e-01
1.066852137446403503e-01
1.064799204468727112e-01
1.062753275036811829e-01
1.060714125633239746e-01
1.058681830763816833e-01
1.056656539440155029e-01
1.054638251662254333e-01
1.052626669406890869e-01
1.050622016191482544e-01
1.048624068498611450e-01
1.046632602810859680e-01
1.044647917151451111e-01
1.042670086026191711e-01
1.040698662400245667e-01
1.038734018802642822e-01
1.036775857210159302e-01
1.034824103116989136e-01
1.032878905534744263e-01
1.030940264463424683e-01
1.029007956385612488e-01
1.027082279324531555e-01
1.025162711739540100e-01
1.023249253630638123e-01
1.021342426538467407e-01
1.019442081451416016e-01
1.017547547817230225e-01
1.015659347176551819e-01
1.013777554035186768e-01
1.011901572346687317e-01
1.010031849145889282e-01
1.008168309926986694e-01
1.006310805678367615e-01
1.004459112882614136e-01
1.002613902091979980e-01
1.000773981213569641e-01
9.989406168460845947e-02
9.971126914024353027e-02
9.952910989522933960e-02
9.934751689434051514e-02
9.916651248931884766e-02
9.898608177900314331e-02
9.880623221397399902e-02
9.862692654132843018e-02
9.844822436571121216e-02
9.827008843421936035e-02
9.809252619743347168e-02
9.791551530361175537e-02
9.773908555507659912e-02
9.756322205066680908e-02
9.738787263631820679e-02
9.721307456493377686e-02
9.703885763883590698e-02
9.686516970396041870e-02
9.669204056262969971e-02
9.651944786310195923e-02
9.634742885828018188e-02
9.617590159177780151e-02
9.600493311882019043e-02
9.583449363708496094e-02
9.566456079483032227e-02
9.549519419670104980e-02
9.532633423805236816e-02
9.515798836946487427e-02
9.499019384384155273e-02
9.482289105653762817e-02
9.465613216161727905e-02
9.448986500501632690e-02
9.432408213615417480e-02
9.415885806083679199e-02
9.399410337209701538e-02
9.382989257574081421e-02
9.366614371538162231e-02
9.350292384624481201e-02
9.334018081426620483e-02
9.317794442176818848e-02
9.301617741584777832e-02
9.285493940114974976e-02
9.269420057535171509e-02
9.253390878438949585e-02
9.237408638000488281e-02
9.221479296684265137e-02
9.205595403909683228e-02
9.189758449792861938e-02
9.173972904682159424e-02
9.158230572938919067e-02
9.142537415027618408e-02
9.126889705657958984e-02
9.111291170120239258e-02
9.095738083124160767e-02
9.080232679843902588e-02
9.064767509698867798e-02
9.049355983734130859e-02
9.033984690904617310e-02
9.018662571907043457e-02
9.003380686044692993e-02
8.988147974014282227e-02
8.972959220409393311e-02
8.957816660404205322e-02
8.942716568708419800e-02
8.927661925554275513e-02
8.912650495767593384e-02
8.897684514522552490e-02
8.882759511470794678e-02
8.867878466844558716e-02
8.853042870759963989e-02
8.838247507810592651e-02
8.824230730533599854e-02
8.810710161924362183e-02
8.797225356101989746e-02
8.783777803182601929e-02
8.770362287759780884e-02
8.756981045007705688e-02
8.743637055158615112e-02
8.730327337980270386e-02
8.717054128646850586e-02
8.703814446926116943e-02
8.690606802701950073e-02
8.677434921264648438e-02
8.664295822381973267e-02
8.651193231344223022e-02
8.638123422861099243e-02
8.625089377164840698e-02
8.612085133790969849e-02
8.599118888378143311e-02
8.586183190345764160e-02
8.573283255100250244e-02
8.560413122177124023e-02
8.547580242156982422e-02
8.534775674343109131e-02
8.522004634141921997e-02
8.509269356727600098e-02
8.496562391519546509e-02
8.483892679214477539e-02
8.471252024173736572e-02
8.458643406629562378e-02
8.446067571640014648e-02
8.433523774147033691e-02
8.421011269092559814e-02
8.408529311418533325e-02
8.396082371473312378e-02
8.383665233850479126e-02
8.371277898550033569e-02
8.358923345804214478e-02
8.346600085496902466e-02
8.334305882453918457e-02
8.322042226791381836e-02
8.309811353683471680e-02
8.297611027956008911e-02
8.285440504550933838e-02
8.273301273584365845e-02
8.261193335056304932e-02
8.249112963676452637e-02
8.237061649560928345e-02
8.225043118000030518e-02
8.213053643703460693e-02
8.201093971729278564e-02
8.189163357019424438e-02
8.177262544631958008e-02
8.165391534566879272e-02
8.153551071882247925e-02
8.141738921403884888e-02
8.129952847957611084e-02
8.118198066949844360e-02
8.106472343206405640e-02
8.094775676727294922e-02
8.083105832338333130e-02
8.071466535329818726e-02
8.059854805469512939e-02
8.048272877931594849e-02
8.036717772483825684e-02
8.025189489126205444e-02
8.013693243265151978e-02
8.002221584320068359e-02
7.990779727697372437e-02
7.979360222816467285e-02
7.967974245548248291e-02
7.956615835428237915e-02
7.945279777050018311e-02
7.933977991342544556e-02
7.922699302434921265e-02
7.911448925733566284e-02
7.900225371122360229e-02
7.889027893543243408e-02
7.877856492996215820e-02
7.866715639829635620e-02
7.855597883462905884e-02
7.844506949186325073e-02
7.833443582057952881e-02
7.822405546903610229e-02
7.811395823955535889e-02
7.800412923097610474e-02
7.789452373981475830e-02
7.778521627187728882e-02
7.767614722251892090e-02
7.756734639406204224e-02
7.745879143476486206e-02
7.735051214694976807e-02
7.724245637655258179e-02
7.713466137647628784e-02
7.702712714672088623e-02
7.691986858844757080e-02
7.681284844875335693e-02
7.670605927705764771e-02
7.659956067800521851e-02
7.649326324462890625e-02
7.638724148273468018e-02
7.628147304058074951e-02
7.617592066526412964e-02
7.607064396142959595e-02
7.596561312675476074e-02
7.586082816123962402e-02
7.575626671314239502e-02
7.565195113420486450e-02
7.554789632558822632e-02
7.544407248497009277e-02
7.534050196409225464e-02
7.523714005947113037e-02
7.513403147459030151e-02
7.503115385770797729e-02
7.492852210998535156e-02
7.482613623142242432e-02
7.472396641969680786e-02
7.462202757596969604e-02
7.452034205198287964e-02
7.441887259483337402e-02
7.431764900684356689e-02
7.421665638685226440e-02
7.411588728427886963e-02
7.401534914970397949e-02
7.391503453254699707e-02
7.381495833396911621e-02
7.371512055397033691e-02
7.361547648906707764e-02
7.351610064506530762e-02
7.341690361499786377e-02
7.331793755292892456e-02
7.321923971176147461e-02
7.312073558568954468e-02
7.302245497703552246e-02
7.292438298463821411e-02
7.282655686140060425e-02
7.272892445325851440e-02
7.263151556253433228e-02
7.253433763980865479e-02
7.243739068508148193e-02
7.234062999486923218e-02
7.224410027265548706e-02
7.214778661727905273e-02
7.205166667699813843e-02
7.195579260587692261e-02
7.186012715101242065e-02
7.176467031240463257e-02
7.166940718889236450e-02
7.157438248395919800e-02
7.147955149412155151e-02
7.138494402170181274e-02
7.129052281379699707e-02
7.119634002447128296e-02
7.110232114791870117e-02
7.100854068994522095e-02
7.091497629880905151e-02
7.082160562276840210e-02
7.072845101356506348e-02
7.063546776771545410e-02
7.054272294044494629e-02
7.045014947652816772e-02
7.035781443119049072e-02
7.026567310094833374e-02
7.017372548580169678e-02
7.008198648691177368e-02
6.999041140079498291e-02
6.989908963441848755e-02
6.980791687965393066e-02
6.971696764230728149e-02
6.962623447179794312e-02
6.953565776348114014e-02
6.944527477025985718e-02
6.935514509677886963e-02
6.926517933607101440e-02
6.917539238929748535e-02
6.908580660820007324e-02
6.899642199277877808e-02
6.890722364187240601e-02
6.881819665431976318e-02
6.872940808534622192e-02
6.864077597856521606e-02
6.855232268571853638e-02
6.846408545970916748e-02
6.837603449821472168e-02
6.828816235065460205e-02
6.820049881935119629e-02
6.811299175024032593e-02
6.802566349506378174e-02
6.793856620788574219e-02
6.785161048173904419e-02
6.776487082242965698e-02
6.767831742763519287e-02
6.759192049503326416e-02
