1.593064218759536743e-01
1.587832719087600708e-01
1.582643687725067139e-01
1.577494889497756958e-01
1.572385430335998535e-01
1.567314416170120239e-01
4.857773780822753906e-01
6.486219167709350586e-01
7.288547158241271973e-01
7.684581875801086426e-01
7.882598638534545898e-01
7.525756955146789551e-01
7.188031673431396484e-01
6.868463754653930664e-01
6.566189527511596680e-01
6.280303001403808594e-01
6.009975075721740723e-01
5.754396915435791016e-01
5.512806773185729980e-01
5.284463763236999512e-01
5.068669319152832031e-01
4.864769279956817627e-01
4.672134518623352051e-01
4.490193128585815430e-01
4.318400323390960693e-01
4.156188070774078369e-01
4.003039896488189697e-01
3.858475387096405029e-01
3.722044527530670166e-01
3.593310117721557617e-01
3.471842408180236816e-01
3.357245922088623047e-01
3.249142467975616455e-01
3.147228062152862549e-01
3.051148653030395508e-01
2.960567474365234375e-01
2.875180542469024658e-01
2.794729173183441162e-01
2.718929946422576904e-01
2.647529244422912598e-01
2.580260932445526123e-01
2.516877353191375732e-01
2.457150369882583618e-01
2.400864213705062866e-01
2.347811758518218994e-01
2.297798395156860352e-01
2.250663638114929199e-01
2.206223756074905396e-01
2.164328545331954956e-01
2.124825417995452881e-01
2.087566256523132324e-01
2.052413821220397949e-01
2.019236236810684204e-01
1.987910568714141846e-01
1.958329230546951294e-01
1.930384933948516846e-01
1.903973519802093506e-01
1.879004091024398804e-01
1.855395883321762085e-01
1.833065301179885864e-01
1.811935305595397949e-01
1.791923642158508301e-01
1.772965192794799805e-01
1.755005270242691040e-01
1.737968772649765015e-01
1.721796691417694092e-01
1.706435978412628174e-01
1.691838502883911133e-01
1.677951663732528687e-01
1.664728522300720215e-01
1.652125567197799683e-01
1.640102267265319824e-01
1.628618836402893066e-01
1.617639511823654175e-01
1.607131063938140869e-01
1.597075015306472778e-01
1.587443351745605469e-01
1.578204482793807983e-01
1.569334566593170166e-01
1.560806632041931152e-01
1.552598923444747925e-01
1.544688791036605835e-01
1.537056416273117065e-01
1.529684364795684814e-01
1.522555351257324219e-01
1.515653431415557861e-01
1.508964747190475464e-01
1.502475738525390625e-01
1.496174931526184082e-01
1.490049511194229126e-01
1.484088748693466187e-01
1.478281021118164062e-01
1.472616195678710938e-01
1.467085480690002441e-01
1.461681872606277466e-01
1.456396132707595825e-01
1.451220661401748657e-01
1.446148455142974854e-01
1.441173106431961060e-01
1.436288505792617798e-01
1.431489139795303345e-01
1.426769942045211792e-01
1.422126144170761108e-01
1.417553126811981201e-01
1.413049697875976562e-01
1.408613175153732300e-01
1.404238492250442505e-01
1.399922072887420654e-01
1.395660638809204102e-01
1.391451507806777954e-01
1.387291848659515381e-01
1.383179128170013428e-01
1.379110962152481079e-01
1.375086903572082520e-01
1.371107548475265503e-01
1.367170214653015137e-01
1.363276392221450806e-01
1.359426528215408325e-01
1.355616003274917603e-01
1.351842731237411499e-01
1.348105072975158691e-01
1.344401836395263672e-01
1.340731680393218994e-01
1.337092667818069458e-01
1.333483457565307617e-01
1.329903155565261841e-01
1.326350271701812744e-01
1.322823911905288696e-01
1.319323480129241943e-01
1.315848231315612793e-01
1.312397271394729614e-01
1.308969706296920776e-01
1.305564790964126587e-01
1.302181631326675415e-01
1.298819631338119507e-01
1.295478492975234985e-01
1.292157471179962158e-01
1.288856416940689087e-01
1.285574734210968018e-01
1.282313913106918335e-01
1.279072761535644531e-01
1.275850683450698853e-01
1.272658109664916992e-01
1.269492805004119873e-01
1.266353428363800049e-01
1.263237595558166504e-01
1.260144114494323730e-01
1.257072389125823975e-01
1.254021376371383667e-01
1.250990331172943115e-01
1.247978135943412781e-01
1.244984567165374756e-01
1.242008879780769348e-01
1.239050403237342834e-01
1.236108839511871338e-01
1.233183443546295166e-01
1.230273842811584473e-01
1.227379590272903442e-01
1.224500611424446106e-01
1.221636310219764709e-01
1.218786463141441345e-01
1.215950697660446167e-01
1.213128566741943359e-01
1.210320219397544861e-01
1.207525059580802917e-01
1.204743161797523499e-01
1.201973930001258850e-01
1.199217662215232849e-01
1.196474283933639526e-01
1.193743646144866943e-01
1.191025450825691223e-01
1.188319548964500427e-01
1.185625791549682617e-01
1.182943880558013916e-01
1.180273815989494324e-01
1.177615597844123840e-01
1.174968928098678589e-01
1.172333508729934692e-01
1.169709339737892151e-01
1.167096495628356934e-01
1.164494603872299194e-01
1.161903813481330872e-01
1.159323602914810181e-01
1.156754344701766968e-01
1.154195889830589294e-01
1.151648089289665222e-01
1.149110794067382812e-01
1.146584078669548035e-01
1.144067570567131042e-01
1.141561493277549744e-01
1.139065697789192200e-01
1.136582642793655396e-01
1.134110614657402039e-01
1.131649687886238098e-01
1.129199862480163574e-01
1.126760467886924744e-01
1.124331951141357422e-01
1.121913641691207886e-01
1.119505763053894043e-01
1.117107868194580078e-01
1.114721521735191345e-01
1.112350597977638245e-01
1.109991818666458130e-01
1.107644736766815186e-01
1.105309352278709412e-01
1.102984845638275146e-01
1.100671291351318359e-01
1.098368316888809204e-01
1.096075773239135742e-01
1.093793436884880066e-01
