2.506405711174011230e-01
2.489392310380935669e-01
2.472700923681259155e-01
2.456322312355041504e-01
2.440247386693954468e-01
2.424466758966445923e-01
5.450427532196044922e-01
6.935040950775146484e-01
7.659671306610107422e-01
8.012826442718505859e-01
8.185777068138122559e-01
7.950564026832580566e-01
7.723358869552612305e-01
7.503956556320190430e-01
7.292108535766601562e-01
7.087624669075012207e-01
6.890293955802917480e-01
6.699901819229125977e-01
6.516221761703491211e-01
6.339054703712463379e-01
6.168204545974731445e-01
6.003460884094238281e-01
5.844637751579284668e-01
5.691538453102111816e-01
5.543974637985229492e-01
5.401763319969177246e-01
5.264726281166076660e-01
5.132693648338317871e-01
5.005497932434082031e-01
4.882975220680236816e-01
4.764968752861022949e-01
4.651340842247009277e-01
4.541950523853302002e-01
4.436640143394470215e-01
4.335263371467590332e-01
4.237683415412902832e-01
4.143762588500976562e-01
4.053367078304290771e-01
3.966388106346130371e-01
3.882695138454437256e-01
3.802176117897033691e-01
3.724712133407592773e-01
3.650185763835906982e-01
3.578493595123291016e-01
3.509526252746582031e-01
3.443182110786437988e-01
3.379358649253845215e-01
3.317979574203491211e-01
3.258961141109466553e-01
3.202207386493682861e-01
3.147631585597991943e-01
3.095146119594573975e-01
3.044664263725280762e-01
2.996112704277038574e-01
2.949415147304534912e-01
2.904510796070098877e-01
2.861326634883880615e-01
2.819788455963134766e-01
2.779841721057891846e-01
2.741415202617645264e-01
2.704446017742156982e-01
2.668870389461517334e-01
2.634629011154174805e-01
2.601663768291473389e-01
2.569919228553771973e-01
2.539343237876892090e-01
2.509883940219879150e-01
2.481494694948196411e-01
2.454127371311187744e-01
2.427736818790435791e-01
2.402279227972030640e-01
2.377713918685913086e-01
2.354000061750411987e-01
2.331110388040542603e-01
2.309004366397857666e-01
2.287646383047103882e-01
2.267002314329147339e-01
2.247042357921600342e-01
2.227737009525299072e-01
2.209061384201049805e-01
2.190984040498733521e-01
2.173477709293365479e-01
2.156517356634140015e-01
2.140078246593475342e-01
2.124136090278625488e-01
2.108669430017471313e-01
2.093655616044998169e-01
2.079074084758758545e-01
2.064905315637588501e-01
2.051130384206771851e-01
2.037730813026428223e-01
2.024689763784408569e-01
2.011992335319519043e-01
1.999625265598297119e-01
1.987573206424713135e-01
1.975821256637573242e-01
1.964355558156967163e-01
1.953163295984268188e-01
1.942232549190521240e-01
1.931553333997726440e-01
1.921113282442092896e-01
1.910904645919799805e-01
1.900919526815414429e-01
1.891146153211593628e-01
1.881575286388397217e-01
1.872197389602661133e-01
1.863012462854385376e-01
1.854007989168167114e-01
1.845175921916961670e-01
1.836508661508560181e-01
1.827999353408813477e-01
1.819640696048736572e-01
1.811426728963851929e-01
1.803350895643234253e-01
1.795416176319122314e-01
1.787613928318023682e-01
1.779938042163848877e-01
1.772382557392120361e-01
1.764942705631256104e-01
1.757613718509674072e-01
1.750391721725463867e-01
1.743272095918655396e-01
1.736250668764114380e-01
1.729326248168945312e-01
1.722495108842849731e-01
1.715754270553588867e-01
1.709100008010864258e-01
1.702528893947601318e-01
1.696038991212844849e-01
1.689627021551132202e-01
1.683289557695388794e-01
1.677024662494659424e-01
1.670829951763153076e-01
1.664703488349914551e-01
1.658642888069152832e-01
1.652645766735076904e-01
1.646710038185119629e-01
1.640833765268325806e-01
1.635015159845352173e-01
1.629252284765243530e-01
1.623543649911880493e-01
1.617888212203979492e-01
1.612284779548645020e-01
1.606742441654205322e-01
1.601253896951675415e-01
1.595817059278488159e-01
1.590430587530136108e-01
1.585095226764678955e-01
1.579809188842773438e-01
1.574570238590240479e-01
1.569376885890960693e-01
1.564228683710098267e-01
1.559124290943145752e-01
1.554062366485595703e-01
1.549041867256164551e-01
1.544061601161956787e-01
1.539120674133300781e-01
1.534218788146972656e-01
1.529355347156524658e-01
1.524529308080673218e-01
1.519739925861358643e-01
1.514987051486968994e-01
1.510270535945892334e-01
1.505589783191680908e-01
1.500944793224334717e-01
1.496333926916122437e-01
1.491758227348327637e-01
1.487216204404830933e-01
1.482706815004348755e-01
1.478229463100433350e-01
1.473783254623413086e-01
1.469367891550064087e-01
1.464984416961669922e-01
1.460630595684051514e-01
1.456306576728820801e-01
1.452011018991470337e-01
1.447743922472000122e-01
1.443504393100738525e-01
1.439291834831237793e-01
1.435106098651885986e-01
1.430946290493011475e-01
1.426812112331390381e-01
1.422703266143798828e-01
1.418619304895401001e-01
1.414561569690704346e-01
1.410531550645828247e-01
1.406527459621429443e-01
1.402548253536224365e-01
1.398593783378601074e-01
1.394663602113723755e-01
1.390757262706756592e-01
1.386874467134475708e-01
1.383014470338821411e-01
1.379176974296569824e-01
1.375363469123840332e-01
1.371576189994812012e-01
1.367813795804977417e-01
1.364078074693679810e-01
1.360372006893157959e-01
1.356692016124725342e-01
1.353037357330322266e-01
1.349407136440277100e-01
1.345800906419754028e-01
1.342218667268753052e-01
1.338659226894378662e-01
1.335121989250183105e-01
1.331606209278106689e-01
1.328111886978149414e-01
1.324638128280639648e-01
1.321184486150741577e-01
