1.000000000000000000e+00
9.995664954185485840e-01
9.991332888603210449e-01
9.987002015113830566e-01
9.982673525810241699e-01
9.978345632553100586e-01
9.974021315574645996e-01
9.969698190689086914e-01
9.965376257896423340e-01
9.961056113243103027e-01
9.956738948822021484e-01
9.952423572540283203e-01
9.948109388351440430e-01
9.943797588348388672e-01
9.939487576484680176e-01
9.935179352760314941e-01
9.930873513221740723e-01
9.926568269729614258e-01
9.922266006469726562e-01
9.917964935302734375e-01
9.913666248321533203e-01
9.909368753433227539e-01
9.905073642730712891e-01
9.900779724121093750e-01
9.896488785743713379e-01
9.892199635505676270e-01
9.887911677360534668e-01
9.883624911308288574e-01
9.879340529441833496e-01
9.875059127807617188e-01
9.870778918266296387e-01
9.866499900817871094e-01
9.862223863601684570e-01
9.857949018478393555e-01
9.853676557540893555e-01
9.849405288696289062e-01
9.845135807991027832e-01
9.840868711471557617e-01
9.836602210998535156e-01
9.832338690757751465e-01
9.828076362609863281e-01
9.823817014694213867e-01
9.819558858871459961e-01
9.815302491188049316e-01
9.811047911643981934e-01
9.806796312332153320e-01
9.802544713020324707e-01
9.798294901847839355e-01
9.794048666954040527e-01
9.789803028106689453e-01
9.785560369491577148e-01
9.781318902969360352e-01
9.777079224586486816e-01
9.772840738296508789e-01
9.768604636192321777e-01
9.764370918273925781e-01
9.760138392448425293e-01
9.755907654762268066e-01
9.751678705215454102e-01
9.747452139854431152e-01
9.743227362632751465e-01
9.739004373550415039e-01
9.734782576560974121e-01
9.730563163757324219e-01
9.726344943046569824e-01
9.722129702568054199e-01
9.717915654182434082e-01
9.713703393936157227e-01
9.709492921829223633e-01
9.705284237861633301e-01
9.701077938079833984e-01
9.696872830390930176e-01
9.692669510841369629e-01
9.688467979431152344e-01
9.684268832206726074e-01
9.680071473121643066e-01
9.675875306129455566e-01
9.671680331230163574e-01
9.667488336563110352e-01
9.663298726081848145e-01
9.659110307693481445e-01
9.654923081398010254e-01
9.650738239288330078e-01
9.646555781364440918e-01
9.642373919486999512e-01
9.638194441795349121e-01
9.634016752243041992e-01
9.629840850830078125e-01
9.625667333602905273e-01
9.621494412422180176e-01
9.617324471473693848e-01
9.613155126571655273e-01
9.608988165855407715e-01
9.604823589324951172e-01
9.600660204887390137e-01
9.596499204635620117e-01
9.592339396476745605e-01
9.588181972503662109e-01
9.584025740623474121e-01
9.579871296882629395e-01
9.575719237327575684e-01
9.571568369865417480e-01
9.567419290542602539e-01
9.563272595405578613e-01
9.559127092361450195e-01
9.554983973503112793e-01
9.550842046737670898e-01
9.546702504158020020e-01
9.542564749717712402e-01
9.538428187370300293e-01
9.534293413162231445e-01
9.530161619186401367e-01
9.526030421257019043e-01
9.521900415420532227e-01
9.517773389816284180e-01
9.513648748397827148e-01
9.509524703025817871e-01
9.505402445793151855e-01
9.501283168792724609e-01
9.497163891792297363e-01
9.493047595024108887e-01
9.488933086395263672e-01
9.484819769859313965e-01
9.480708241462707520e-01
9.476599097251892090e-01
9.472492337226867676e-01
9.468385577201843262e-01
9.464281797409057617e-01
9.460179209709167480e-01
9.456078410148620605e-01
9.451980590820312500e-01
9.447882771492004395e-01
9.443787932395935059e-01
9.439694881439208984e-01
9.435602426528930664e-01
9.431513547897338867e-01
9.427425265312194824e-01
9.423338174819946289e-01
9.419254064559936523e-01
9.415171742439270020e-01
9.411090016365051270e-01
9.407011270523071289e-01
9.402933716773986816e-01
9.398857355117797852e-01
9.394783973693847656e-01
9.390711784362792969e-01
9.386641383171081543e-01
9.382573366165161133e-01
9.378505945205688477e-01
9.374440312385559082e-01
9.370377063751220703e-01
9.366316199302673340e-01
9.362255930900573730e-01
9.358198642730712891e-01
9.354141354560852051e-01
9.350087046623229980e-01
9.346034526824951172e-01
9.341982603073120117e-01
9.337934255599975586e-01
9.333886504173278809e-01
9.329840540885925293e-01
9.325796961784362793e-01
9.321754574775695801e-01
9.317713975906372070e-01
9.313675165176391602e-01
9.309638142585754395e-01
9.305602908134460449e-01
9.301569461822509766e-01
9.297537207603454590e-01
9.293507933616638184e-01
9.289479255676269531e-01
9.285452961921691895e-01
9.281428456306457520e-01
9.277404546737670898e-01
9.273383021354675293e-01
9.269363880157470703e-01
9.265346527099609375e-01
9.261330366134643555e-01
9.257315397262573242e-01
9.253302812576293945e-01
9.249292016029357910e-01
9.245283603668212891e-01
9.241275191307067871e-01
9.237270951271057129e-01
9.233266115188598633e-01
9.229264855384826660e-01
9.225263595581054688e-01
9.221265316009521484e-01
9.217268228530883789e-01
9.213272333145141602e-01
9.209279417991638184e-01
9.205287694931030273e-01
9.201297163963317871e-01
9.197310209274291992e-01
9.193322658538818359e-01
9.189338088035583496e-01
9.185354709625244141e-01
9.181373119354248047e-01
9.177393317222595215e-01
9.173415899276733398e-01
9.169439077377319336e-01
9.165465235710144043e-01
9.161491990089416504e-01
9.157521128654479980e-01
9.153552055358886719e-01
9.149584174156188965e-01
9.145618081092834473e-01
9.141653776168823242e-01
9.137691259384155273e-01
9.133730530738830566e-01
9.129771590232849121e-01
9.125813841819763184e-01
9.121859073638916016e-01
9.117904901504516602e-01
9.113953113555908203e-01
9.110001921653747559e-01
9.106053709983825684e-01
9.102107286453247070e-01
9.098160862922668457e-01
9.094218611717224121e-01
9.090275764465332031e-01
9.086335897445678711e-01
9.082397222518920898e-01
9.078460335731506348e-01
9.074525237083435059e-01
9.070591926574707031e-01
9.066659808158874512e-01
9.062730669975280762e-01
9.058802127838134766e-01
9.054875969886779785e-01
9.050950407981872559e-01
9.047027826309204102e-01
9.043105840682983398e-01
9.039186239242553711e-01
9.035267829895019531e-01
9.031351804733276367e-01
9.027437567710876465e-01
9.023524522781372070e-01
9.019613265991210938e-01
9.015703201293945312e-01
9.011794924736022949e-01
9.007889628410339355e-01
9.003984928131103516e-01
9.000082015991210938e-01
8.996180891990661621e-01
8.992281556129455566e-01
8.988384604454040527e-01
8.984488248825073242e-01
8.980593681335449219e-01
8.976701498031616211e-01
8.972809910774230957e-01
8.968921303749084473e-01
8.965033888816833496e-01
8.961147069931030273e-01
8.957263231277465820e-01
8.953380584716796875e-01
8.949499130249023438e-01
8.945620656013488770e-01
8.941743373870849609e-01
8.937867879867553711e-01
8.933992981910705566e-01
8.930120468139648438e-01
8.926250338554382324e-01
8.922380805015563965e-01
8.918513059616088867e-01
8.914648294448852539e-01
8.910783529281616211e-01
8.906921148300170898e-01
8.903060555458068848e-01
8.899201154708862305e-01
8.895344138145446777e-01
8.891488909721374512e-01
8.887634873390197754e-01
8.883781433105468750e-01
8.879931569099426270e-01
8.876082897186279297e-01
8.872235417366027832e-01
8.868389129638671875e-01
8.864545226097106934e-01
8.860702514648437500e-01
8.856862783432006836e-01
8.853023648262023926e-01
8.849186301231384277e-01
8.845350146293640137e-01
8.841516971588134766e-01
8.837684392929077148e-01
8.833853602409362793e-01
8.830024003982543945e-01
8.826196789741516113e-01
8.822371363639831543e-01
8.818547129631042480e-01
8.814724683761596680e-01
8.810903429985046387e-01
8.807084560394287109e-01
8.803267478942871094e-01
8.799451589584350586e-01
8.795637488365173340e-01
8.791825175285339355e-01
8.788014054298400879e-01
8.784204721450805664e-01
8.780397176742553711e-01
8.776592016220092773e-01
8.772787451744079590e-01
8.768984675407409668e-01
8.765183687210083008e-01
8.761384487152099609e-01
8.757586479187011719e-01
8.753791451454162598e-01
8.749996423721313477e-01
8.746203780174255371e-01
8.742412924766540527e-01
8.738623857498168945e-01
8.734835982322692871e-01
8.731049895286560059e-01
8.727265596389770508e-01
8.723482489585876465e-01
8.719701170921325684e-01
8.715921640396118164e-01
8.712143898010253906e-01
8.708367347717285156e-01
8.704592585563659668e-01
8.700819611549377441e-01
8.697048425674438477e-01
8.693279027938842773e-01
8.689510226249694824e-01
8.685743808746337891e-01
8.681979179382324219e-01
8.678216338157653809e-01
8.674454689025878906e-01
8.670694231986999512e-01
8.666936159133911133e-01
8.663179874420166016e-01
8.659424185752868652e-01
8.655670881271362305e-01
8.651919364929199219e-01
8.648169040679931641e-01
8.644420504570007324e-01
8.640673756599426270e-01
8.636928796768188477e-01
8.633184432983398438e-01
8.629442453384399414e-01
8.625702261924743652e-01
8.621963262557983398e-01
8.618226051330566406e-01
8.614490032196044922e-01
8.610756397247314453e-01
8.607023954391479492e-01
8.603293299674987793e-01
8.599563837051391602e-01
8.595836758613586426e-01
8.592110872268676758e-01
8.588386774063110352e-01
8.584663867950439453e-01
8.580943346023559570e-01
8.577223420143127441e-01
8.573505878448486328e-01
8.569790124893188477e-01
8.566074967384338379e-01
8.562362194061279297e-01
8.558650612831115723e-01
8.554940819740295410e-01
8.551232814788818359e-01
8.547526001930236816e-01
8.543820977210998535e-01
8.540117740631103516e-01
8.536415696144104004e-01
8.532716035842895508e-01
8.529017567634582520e-01
8.525320291519165039e-01
8.521625399589538574e-01
8.517931699752807617e-01
8.514239788055419922e-01
8.510549068450927734e-01
8.506860136985778809e-01
8.503172397613525391e-01
8.499486446380615234e-01
8.495802879333496094e-01
8.492120504379272461e-01
8.488439917564392090e-01
8.484760522842407227e-01
8.481082916259765625e-01
8.477406501770019531e-01
8.473731875419616699e-01
8.470059037208557129e-01
8.466387391090393066e-01
8.462717533111572266e-01
8.459050059318542480e-01
8.455382585525512695e-01
8.451718091964721680e-01
8.448054790496826172e-01
8.444392681121826172e-01
8.440732955932617188e-01
8.437074422836303711e-01
8.433417081832885742e-01
8.429761528968811035e-01
8.426107764244079590e-01
8.422455191612243652e-01
8.418804407119750977e-01
8.415154814720153809e-01
8.411507606506347656e-01
8.407862186431884766e-01
8.404217362403869629e-01
8.400574922561645508e-01
8.396933674812316895e-01
8.393294215202331543e-01
8.389655947685241699e-01
8.386019468307495117e-01
8.382384777069091797e-01
8.378750681877136230e-01
8.375119566917419434e-01
8.371489048004150391e-01
8.367859721183776855e-01
8.364233374595642090e-01
8.360607624053955078e-01
8.356983661651611328e-01
8.353361487388610840e-01
8.349740505218505859e-01
8.346121907234191895e-01
8.342504501342773438e-01
8.338887691497802734e-01
8.335272669792175293e-01
8.331660628318786621e-01
8.328049182891845703e-01
8.324438929557800293e-01
8.320830464363098145e-01
8.317224383354187012e-01
8.313618898391723633e-01
8.310015797615051270e-01
8.306413888931274414e-01
8.302813172340393066e-01
8.299214243888854980e-01
8.295616507530212402e-01
8.292021751403808594e-01
8.288427591323852539e-01
8.284834623336791992e-01
8.281243443489074707e-01
8.277654051780700684e-01
8.274066448211669922e-01
8.270479440689086914e-01
8.266895413398742676e-01
8.263311982154846191e-01
8.259730339050292969e-01
8.256149888038635254e-01
8.252570629119873047e-01
8.248993754386901855e-01
8.245418667793273926e-01
8.241844177246093750e-01
8.238271474838256836e-01
8.234701156616210938e-01
8.231132030487060547e-01
8.227563500404357910e-01
8.223997354507446289e-01
8.220432996749877930e-01
8.216870427131652832e-01
8.213308453559875488e-01
8.209748268127441406e-01
8.206189274787902832e-01
8.202633261680603027e-01
8.199077248573303223e-01
8.195523619651794434e-01
8.191971778869628906e-01
8.188420534133911133e-01
8.184871077537536621e-01
8.181322813034057617e-01
8.177776932716369629e-01
8.174232244491577148e-01
8.170689344406127930e-01
8.167147040367126465e-01
8.163607716560363770e-01
8.160068988800048828e-01
8.156532049179077148e-01
8.152996301651000977e-01
8.149462342262268066e-01
8.145930171012878418e-01
8.142399191856384277e-01
8.138870596885681152e-01
8.135342597961425781e-01
8.131815791130065918e-01
8.128291368484497070e-01
8.124768137931823730e-01
8.121246695518493652e-01
8.117726445198059082e-01
8.114207386970520020e-01
8.110690116882324219e-01
8.107175230979919434e-01
8.103660941123962402e-01
8.100148439407348633e-01
8.096637725830078125e-01
8.093128204345703125e-01
8.089619874954223633e-01
8.086113333702087402e-01
8.082608580589294434e-01
8.079105615615844727e-01
8.075603246688842773e-01
8.072102665901184082e-01
8.068604469299316406e-01
8.065106868743896484e-01
8.061611056327819824e-01
8.058116436004638672e-01
8.054623603820800781e-01
8.051131963729858398e-01
8.047642111778259277e-01
8.044154644012451172e-01
8.040667176246643066e-01
8.037182688713073730e-01
8.033699393272399902e-01
8.030216693878173828e-01
8.026735782623291016e-01
8.023256659507751465e-01
8.019779324531555176e-01
8.016302585601806641e-01
8.012828230857849121e-01
8.009355068206787109e-01
8.005883097648620605e-01
8.002412915229797363e-01
7.998944520950317383e-01
7.995477318763732910e-01
7.992011904716491699e-01
7.988547086715698242e-01
7.985084056854248047e-01
7.981623411178588867e-01
7.978163957595825195e-01
7.974705696105957031e-01
7.971249222755432129e-01
7.967794537544250488e-01
7.964341044425964355e-01
7.960888743400573730e-01
7.957437038421630859e-01
7.953988313674926758e-01
7.950540781021118164e-01
7.947095036506652832e-01
7.943650484085083008e-01
7.940206527709960938e-01
7.936764955520629883e-01
7.933324575424194336e-01
7.929885983467102051e-01
7.926449179649353027e-01
7.923013567924499512e-01
7.919579148292541504e-01
7.916146516799926758e-01
7.912715077400207520e-01
7.909285426139831543e-01
7.905856966972351074e-01
7.902429699897766113e-01
7.899004817008972168e-01
7.895581126213073730e-01
7.892158627510070801e-01
7.888737320899963379e-01
7.885318994522094727e-01
7.881900668144226074e-01
7.878484725952148438e-01
7.875069379806518555e-01
7.871655225753784180e-01
7.868244051933288574e-01
7.864833474159240723e-01
7.861424088478088379e-01
7.858016490936279297e-01
7.854611277580261230e-01
7.851205468177795410e-01
7.847802639007568359e-01
7.844401597976684570e-01
7.841000556945800781e-01
7.837602496147155762e-01
7.834205627441406250e-01
7.830809950828552246e-01
7.827414870262145996e-01
7.824022769927978516e-01
7.820631265640258789e-01
7.817241549491882324e-01
7.813852429389953613e-01
7.810466289520263672e-01
7.807080745697021484e-01
7.803696393966674805e-01
7.800314426422119141e-01
7.796933650970458984e-01
7.793553471565246582e-01
7.790174484252929688e-01
7.786799073219299316e-01
7.783423066139221191e-01
7.780050039291381836e-01
7.776677608489990234e-01
7.773306965827941895e-01
7.769937515258789062e-01
7.766569256782531738e-01
7.763203382492065430e-01
7.759838104248046875e-01
7.756474614143371582e-01
7.753112912178039551e-01
7.749751806259155273e-01
7.746393084526062012e-01
7.743035554885864258e-01
7.739679217338562012e-01
7.736324667930603027e-01
7.732971310615539551e-01
7.729618549346923828e-01
7.726268768310546875e-01
7.722918987274169922e-01
7.719572782516479492e-01
7.716226577758789062e-01
7.712881565093994141e-01
7.709537744522094727e-01
7.706196904182434082e-01
7.702856063842773438e-01
7.699517607688903809e-01
7.696179747581481934e-01
7.692843675613403320e-01
7.689510583877563477e-01
7.686176896095275879e-01
7.682844996452331543e-01
7.679514884948730469e-01
7.676186561584472656e-01
7.672859430313110352e-01
7.669533491134643555e-01
7.666208744049072266e-01
7.662885189056396484e-01
7.659564018249511719e-01
7.656244635581970215e-01
7.652926445007324219e-01
7.649608254432678223e-01
7.646293044090270996e-01
7.642978429794311523e-01
7.639665603637695312e-01
7.636354565620422363e-01
7.633044123649597168e-01
7.629735469818115234e-01
7.626428604125976562e-01
7.623122930526733398e-01
7.619818449020385742e-01
7.616515755653381348e-01
7.613215446472167969e-01
7.609915137290954590e-01
7.606616020202636719e-01
7.603319287300109863e-01
7.600023746490478516e-01
7.596728801727294922e-01
7.593436241149902344e-01
7.590144872665405273e-01
7.586855292320251465e-01
7.583566308021545410e-01
7.580279111862182617e-01
7.576993703842163086e-01
7.573709487915039062e-01
7.570426464080810547e-01
7.567145228385925293e-01
7.563865780830383301e-01
7.560586929321289062e-01
7.557309269905090332e-01
7.554033994674682617e-01
7.550759911537170410e-01
7.547487020492553711e-01
