-4.416266083717346191e-01 4.478401541709899902e-01
-4.195452630519866943e-01 4.257899820804595947e-01
-3.974639475345611572e-01 4.037490785121917725e-01
-3.753826022148132324e-01 3.817081749439239502e-01
-3.533012568950653076e-01 3.596737086772918701e-01
-3.312199413776397705e-01 3.376573324203491211e-01
-3.091385960578918457e-01 3.156655132770538330e-01
-2.870572507381439209e-01 2.937293946743011475e-01
-2.649759352207183838e-01 2.718539237976074219e-01
-2.428945899009704590e-01 2.500115036964416504e-01
-2.208132445812225342e-01 2.282467037439346313e-01
-1.987319141626358032e-01 2.066073715686798096e-01
-1.766505837440490723e-01 1.851498484611511230e-01
-1.545692384243011475e-01 1.638561338186264038e-01
-1.324879080057144165e-01 1.428398191928863525e-01
-1.104065701365470886e-01 1.222596317529678345e-01
-8.832523971796035767e-02 1.026027798652648926e-01
-6.624390184879302979e-02 8.384616672992706299e-02
-4.416256770491600037e-02 6.634274125099182129e-02
-2.208122983574867249e-02 5.073085054755210876e-02
1.052919884614311741e-07 3.835272789001464844e-02
2.208141423761844635e-02 2.935752086341381073e-02
4.416277632117271423e-02 2.293511852622032166e-02
6.624414026737213135e-02 1.802506297826766968e-02
8.832544833421707153e-02 1.411293447017669678e-02
1.104067564010620117e-01 1.076130568981170654e-02
1.324881166219711304e-01 7.683604955673217773e-03
1.545694768428802490e-01 4.829451441764831543e-03
1.766507923603057861e-01 2.095311880111694336e-03
1.987320929765701294e-01 -5.671679973602294922e-04
2.208134680986404419e-01 -3.191843628883361816e-03
2.428948283195495605e-01 -5.799353122711181641e-03
2.649761438369750977e-01 -8.393317461013793945e-03
2.870574295520782471e-01 -1.098304986953735352e-02
3.091388046741485596e-01 -1.355591416358947754e-02
3.312201797962188721e-01 -1.611229777336120605e-02
3.533014655113220215e-01 -1.865714788436889648e-02
3.753827810287475586e-01 -2.118954062461853027e-02
3.974641561508178711e-01 -2.371835708618164062e-02
4.195455014705657959e-01 -2.624285221099853516e-02
4.416268169879913330e-01 -2.876073122024536133e-02
4.637081325054168701e-01 -3.127762675285339355e-02
4.857894480228424072e-01 -3.379389643669128418e-02
5.078708529472351074e-01 -3.630447387695312500e-02
5.299521684646606445e-01 -3.881162405014038086e-02
5.520334839820861816e-01 -4.131805896759033203e-02
5.741148591041564941e-01 -4.382348060607910156e-02
5.961961746215820312e-01 -4.632902145385742188e-02
6.182774901390075684e-01 -4.883450269699096680e-02
6.403588056564331055e-01 -5.133944749832153320e-02
6.624401211738586426e-01 -5.384337902069091797e-02
6.845215559005737305e-01 -5.634617805480957031e-02
7.066028714179992676e-01 -5.884677171707153320e-02
7.286841273307800293e-01 -6.134718656539916992e-02
7.507655620574951172e-01 -6.384497880935668945e-02
7.728468775749206543e-01 -6.633913516998291016e-02
7.949281930923461914e-01 -6.882929801940917969e-02
8.170095086097717285e-01 -7.131952047348022461e-02
8.390908241271972656e-01 -7.380664348602294922e-02
8.611721992492675781e-01 -7.629299163818359375e-02
8.832535147666931152e-01 -7.877945899963378906e-02
9.053348302841186523e-01 -8.126574754714965820e-02
9.274162650108337402e-01 -8.375126123428344727e-02
9.494975805282592773e-01 -8.623677492141723633e-02
9.715788960456848145e-01 -8.872216939926147461e-02
9.936602115631103516e-01 -9.120762348175048828e-02
1.015741467475891113e+00 -9.369289875030517578e-02
1.037822961807250977e+00 -9.617799520492553711e-02
1.059904217720031738e+00 -9.866100549697875977e-02
1.081985473632812500e+00 -1.011436581611633301e-01
1.104066967964172363e+00 -1.036264896392822266e-01
1.126148223876953125e+00 -1.061091423034667969e-01
1.148229598999023438e+00 -1.085919141769409180e-01
1.170310854911804199e+00 -1.110744476318359375e-01
1.192392230033874512e+00 -1.135572195053100586e-01
1.214473605155944824e+00 -1.160398721694946289e-01
1.236554861068725586e+00 -1.185225248336791992e-01
1.258636236190795898e+00 -1.210052967071533203e-01
1.280717611312866211e+00 -1.234879493713378906e-01
1.302798986434936523e+00 -1.259706020355224609e-01
1.324880242347717285e+00 -1.284532546997070312e-01
