-4.416266083717346191e-01 4.477991759777069092e-01
-4.195452630519866943e-01 4.257448315620422363e-01
-3.974639475345611572e-01 4.036993980407714844e-01
-3.753826022148132324e-01 3.816539645195007324e-01
-3.533012568950653076e-01 3.596146702766418457e-01
-3.312199413776397705e-01 3.375927209854125977e-01
-3.091385960578918457e-01 3.155943155288696289e-01
-2.870572507381439209e-01 2.936491668224334717e-01
-2.649759352207183838e-01 2.717619538307189941e-01
-2.428945899009704590e-01 2.499063014984130859e-01
-2.208132445812225342e-01 2.281246334314346313e-01
-1.987319141626358032e-01 2.064624428749084473e-01
-1.766505837440490723e-01 1.849731206893920898e-01
-1.545692384243011475e-01 1.636393517255783081e-01
-1.324879080057144165e-01 1.425685137510299683e-01
-1.104065701365470886e-01 1.219102740287780762e-01
-8.832523971796035767e-02 1.021239012479782104e-01
-6.624390184879302979e-02 8.318593353033065796e-02
-4.416256770491600037e-02 6.542578339576721191e-02
-2.208122983574867249e-02 4.943849146366119385e-02
1.052919884614311741e-07 3.647304698824882507e-02
2.208141423761844635e-02 2.665716968476772308e-02
4.416277632117271423e-02 1.922900602221488953e-02
6.624414026737213135e-02 1.319738477468490601e-02
8.832544833421707153e-02 8.081667125225067139e-03
1.104067564010620117e-01 3.477320075035095215e-03
1.324881166219711304e-01 -8.791089057922363281e-04
1.545694768428802490e-01 -5.035564303398132324e-03
1.766507923603057861e-01 -9.085938334465026855e-03
1.987320929765701294e-01 -1.307402551174163818e-02
2.208134680986404419e-01 -1.702935993671417236e-02
2.428948283195495605e-01 -2.096948027610778809e-02
2.649761438369750977e-01 -2.489762008190155029e-02
2.870574295520782471e-01 -2.882197499275207520e-02
3.091388046741485596e-01 -3.273153305053710938e-02
3.312201797962188721e-01 -3.662636876106262207e-02
3.533014655113220215e-01 -4.051056504249572754e-02
3.753827810287475586e-01 -4.438346624374389648e-02
3.974641561508178711e-01 -4.825296998023986816e-02
4.195455014705657959e-01 -5.211830139160156250e-02
4.416268169879913330e-01 -5.597716569900512695e-02
4.637081325054168701e-01 -5.983501672744750977e-02
4.857894480228424072e-01 -6.369233131408691406e-02
5.078708529472351074e-01 -6.754431128501892090e-02
5.299521684646606445e-01 -7.139313220977783203e-02
5.520334839820861816e-01 -7.524114847183227539e-02
5.741148591041564941e-01 -7.908827066421508789e-02
5.961961746215820312e-01 -8.293533325195312500e-02
6.182774901390075684e-01 -8.678245544433593750e-02
6.403588056564331055e-01 -9.062898159027099609e-02
6.624401211738586426e-01 -9.447455406188964844e-02
6.845215559005737305e-01 -9.831917285919189453e-02
7.066028714179992676e-01 -1.021613478660583496e-01
7.286841273307800293e-01 -1.060035228729248047e-01
7.507655620574951172e-01 -1.098430156707763672e-01
7.728468775749206543e-01 -1.136786341667175293e-01
7.949281930923461914e-01 -1.175104379653930664e-01
8.170095086097717285e-01 -1.213423013687133789e-01
8.390908241271972656e-01 -1.251709461212158203e-01
8.611721992492675781e-01 -1.289988756179809570e-01
8.832535147666931152e-01 -1.328268051147460938e-01
9.053348302841186523e-01 -1.366547942161560059e-01
9.274162650108337402e-01 -1.404818296432495117e-01
9.494975805282592773e-01 -1.443088054656982422e-01
9.715788960456848145e-01 -1.481358408927917480e-01
9.936602115631103516e-01 -1.519628167152404785e-01
1.015741467475891113e+00 -1.557895541191101074e-01
1.037822961807250977e+00 -1.596162915229797363e-01
1.059904217720031738e+00 -1.634408831596374512e-01
1.081985473632812500e+00 -1.672649979591369629e-01
1.104066967964172363e+00 -1.710892915725708008e-01
1.126148223876953125e+00 -1.749134659767150879e-01
1.148229598999023438e+00 -1.787378191947937012e-01
1.170310854911804199e+00 -1.825618743896484375e-01
1.192392230033874512e+00 -1.863862276077270508e-01
1.214473605155944824e+00 -1.902104616165161133e-01
1.236554861068725586e+00 -1.940344572067260742e-01
1.258636236190795898e+00 -1.978588104248046875e-01
1.280717611312866211e+00 -2.016830444335937500e-01
1.302798986434936523e+00 -2.055072784423828125e-01
1.324880242347717285e+00 -2.093313932418823242e-01
