7.504263520240783691e-01
7.538551688194274902e-01
7.571179270744323730e-01
7.602272629737854004e-01
7.631942629814147949e-01
7.660288810729980469e-01
7.142834663391113281e-01
6.666195392608642578e-01
6.227349638938903809e-01
5.823357105255126953e-01
5.451527237892150879e-01
5.109343528747558594e-01
4.794477522373199463e-01
4.504806697368621826e-01
4.238397777080535889e-01
3.993448615074157715e-01
3.768232464790344238e-01
3.561244010925292969e-01
3.371043205261230469e-01
3.196290433406829834e-01
3.035796582698822021e-01
2.888464927673339844e-01
2.753217220306396484e-01
2.629139423370361328e-01
2.515332996845245361e-01
2.410932928323745728e-01
2.315157800912857056e-01
2.227290421724319458e-01
2.146701961755752563e-01
2.072796970605850220e-01
2.005021870136260986e-01
1.942854821681976318e-01
1.885827779769897461e-01
1.833513379096984863e-01
1.785536557435989380e-01
1.741544455289840698e-01
1.701205521821975708e-01
1.664202660322189331e-01
1.630260348320007324e-01
1.599105149507522583e-01
1.570489555597305298e-01
1.544231325387954712e-01
1.520123183727264404e-01
1.497962623834609985e-01
1.477581560611724854e-01
1.458830237388610840e-01
1.441559195518493652e-01
1.425636261701583862e-01
1.410933583974838257e-01
1.397338956594467163e-01
1.384764313697814941e-01
1.373109668493270874e-01
1.362290233373641968e-01
1.352240890264511108e-01
1.342906057834625244e-01
1.334207504987716675e-01
1.326085329055786133e-01
1.318484246730804443e-01
1.311355084180831909e-01
1.304654031991958618e-01
1.298340111970901489e-01
1.292376071214675903e-01
1.286728978157043457e-01
1.281369477510452271e-01
1.276273280382156372e-01
1.271416842937469482e-01
1.266792267560958862e-01
1.262374967336654663e-01
1.258141696453094482e-01
1.254074722528457642e-01
1.250158101320266724e-01
1.246377006173133850e-01
1.242718771100044250e-01
1.239171922206878662e-01
1.235725805163383484e-01
1.232370957732200623e-01
1.229099109768867493e-01
1.225902587175369263e-01
1.222774535417556763e-01
1.219708845019340515e-01
1.216700077056884766e-01
1.213743090629577637e-01
1.210833638906478882e-01
1.207967847585678101e-01
1.205141916871070862e-01
1.202352643013000488e-01
1.199597269296646118e-01
1.196873337030410767e-01
1.194178909063339233e-01
1.191511750221252441e-01
1.188869476318359375e-01
1.186250671744346619e-01
1.183653920888900757e-01
1.181077808141708374e-01
1.178520992398262024e-01
1.175982356071472168e-01
1.173461005091667175e-01
1.170955970883369446e-01
1.168466359376907349e-01
1.165991500020027161e-01
1.163530945777893066e-01
1.161083802580833435e-01
1.158649697899818420e-01
1.156228259205818176e-01
1.153818964958190918e-01
1.151421293616294861e-01
1.149035021662712097e-01
1.146659851074218750e-01
1.144295558333396912e-01
1.141941621899604797e-01
1.139598190784454346e-01
1.137266755104064941e-01
1.134946271777153015e-01
1.132635995745658875e-01
1.130336225032806396e-01
1.128046363592147827e-01
1.125766485929489136e-01
1.123496294021606445e-01
1.121235415339469910e-01
1.118983849883079529e-01
1.116741448640823364e-01
1.114510521292686462e-01
1.112292185425758362e-01
1.110084429383277893e-01
1.107887178659439087e-01
1.105699688196182251e-01
1.103521883487701416e-01
1.101353541016578674e-01
1.099194437265396118e-01
1.097044348716735840e-01
1.094903051853179932e-01
1.092770323157310486e-01
1.090646013617515564e-01
1.088529899716377258e-01
1.086421906948089600e-01
1.084321811795234680e-01
1.082229763269424438e-01
1.080145463347434998e-01
1.078068763017654419e-01
1.075999587774276733e-01
1.073937863111495972e-01
1.071883663535118103e-01
1.069836765527725220e-01
1.067797094583511353e-01
1.065764576196670532e-01
1.063739135861396790e-01
1.061720848083496094e-01
1.059709340333938599e-01
1.057704985141754150e-01
1.055707409977912903e-01
1.053716838359832764e-01
1.051732972264289856e-01
1.049755811691284180e-01
1.047789677977561951e-01
1.045832335948944092e-01
1.043883189558982849e-01
1.041942015290260315e-01
1.040008440613746643e-01
1.038082540035247803e-01
1.036163941025733948e-01
1.034252494573593140e-01
1.032348126173019409e-01
1.030450686812400818e-01
1.028560176491737366e-01
1.026676222681999207e-01
1.024798899888992310e-01
1.022928208112716675e-01
1.021063700318336487e-01
1.019205749034881592e-01
1.017353981733322144e-01
1.015508547425270081e-01
1.013669148087501526e-01
1.011835858225822449e-01
1.010008677840232849e-01
1.008187383413314819e-01
1.006372123956680298e-01
1.004562675952911377e-01
1.002763807773590088e-01
1.000975891947746277e-01
9.991964697837829590e-02
9.974252432584762573e-02
9.956621378660202026e-02
9.939071536064147949e-02
9.921596199274063110e-02
9.904192388057708740e-02
9.886858612298965454e-02
9.869590401649475098e-02
9.852387756109237671e-02
9.835262596607208252e-02
9.818213433027267456e-02
9.801232814788818359e-02
9.784319996833801270e-02
9.767469018697738647e-02
9.750680625438690186e-02
9.733951836824417114e-02
9.717281907796859741e-02
9.700669348239898682e-02
9.684113413095474243e-02
9.667611867189407349e-02
9.651164710521697998e-02
9.634769707918167114e-02
9.618427604436874390e-02
9.602138400077819824e-02
9.585898369550704956e-02
9.569709748029708862e-02
