8.567209839820861816e-01
8.567726016044616699e-01
8.568232059478759766e-01
8.568728566169738770e-01
8.569216728210449219e-01
8.569695353507995605e-01
8.436633944511413574e-01
8.305433988571166992e-01
8.176102042198181152e-01
8.048640489578247070e-01
7.923058867454528809e-01
7.799368500709533691e-01
7.677559852600097656e-01
7.557633519172668457e-01
7.439588904380798340e-01
7.323437929153442383e-01
7.209167480468750000e-01
7.096788287162780762e-01
6.986289620399475098e-01
6.877658367156982422e-01
6.770883798599243164e-01
6.665953993797302246e-01
6.562859416007995605e-01
6.461597681045532227e-01
6.362149715423583984e-01
6.264498829841613770e-01
6.168630123138427734e-01
6.074531674385070801e-01
5.982186794281005859e-01
5.891575217247009277e-01
5.802678465843200684e-01
5.715479254722595215e-01
5.629957914352416992e-01
5.546093583106994629e-01
5.463867187500000000e-01
5.383258461952209473e-01
5.304246544837951660e-01
5.226812362670898438e-01
5.150933265686035156e-01
5.076589584350585938e-01
5.003758072853088379e-01
4.932416081428527832e-01
4.862546622753143311e-01
4.794128835201263428e-01
4.727149903774261475e-01
4.661586284637451172e-01
4.597412943840026855e-01
4.534604847431182861e-01
4.473139047622680664e-01
4.412990510463714600e-01
4.354138672351837158e-01
4.296558499336242676e-01
4.240226745605468750e-01
4.185119271278381348e-01
4.131213426589965820e-01
4.078494012355804443e-01
4.026937782764434814e-01
3.976519405841827393e-01
3.927218317985534668e-01
3.879015743732452393e-01
3.831888139247894287e-01
3.785811364650726318e-01
3.740763068199157715e-01
3.696720004081726074e-01
3.653666377067565918e-01
3.611577749252319336e-01
3.570431470870971680e-01
3.530208766460418701e-01
3.490887582302093506e-01
3.452447056770324707e-01
3.414868116378784180e-01
3.378143012523651123e-01
3.342251777648925781e-01
3.307175338268280029e-01
3.272892534732818604e-01
3.239389061927795410e-01
3.206642866134643555e-01
3.174633979797363281e-01
3.143346011638641357e-01
3.112758994102478027e-01
3.082854747772216797e-01
3.053617775440216064e-01
3.025031983852386475e-01
2.997080683708190918e-01
2.969753146171569824e-01
2.943034470081329346e-01
2.916908860206604004e-01
2.891359329223632812e-01
2.866369783878326416e-01
2.841929793357849121e-01
2.818025648593902588e-01
2.794642150402069092e-01
2.771762907505035400e-01
2.749376296997070312e-01
2.727467119693756104e-01
2.706020772457122803e-01
2.685025930404663086e-01
2.664467990398406982e-01
2.644334137439727783e-01
2.624611854553222656e-01
2.605289220809936523e-01
2.586355805397033691e-01
2.567799091339111328e-01
2.549608349800109863e-01
2.531772255897521973e-01
2.514282464981079102e-01
2.497127652168273926e-01
2.480298280715942383e-01
2.463784813880920410e-01
2.447577267885208130e-01
2.431666553020477295e-01
2.416044920682907104e-01
2.400702834129333496e-01
2.385632693767547607e-01
2.370826154947280884e-01
2.356282472610473633e-01
2.341990470886230469e-01
2.327943444252014160e-01
2.314133793115615845e-01
2.300554811954498291e-01
2.287199944257736206e-01
2.274062633514404297e-01
2.261138111352920532e-01
2.248420417308807373e-01
2.235904484987258911e-01
2.223587036132812500e-01
2.211460024118423462e-01
2.199518978595733643e-01
2.187757641077041626e-01
2.176172137260437012e-01
2.164757549762725830e-01
2.153508961200714111e-01
2.142421603202819824e-01
2.131491303443908691e-01
2.120713889598846436e-01
2.110085040330886841e-01
2.099600434303283691e-01
2.089256197214126587e-01
2.079049199819564819e-01
2.068975120782852173e-01
2.059030681848526001e-01
2.049212157726287842e-01
2.039516568183898926e-01
2.029940485954284668e-01
2.020481824874877930e-01
2.011139094829559326e-01
2.001909613609313965e-01
1.992789953947067261e-01
1.983777433633804321e-01
1.974869072437286377e-01
1.966062337160110474e-01
1.957354843616485596e-01
1.948744505643844604e-01
1.940230131149291992e-01
1.931808739900588989e-01
1.923477798700332642e-01
1.915238499641418457e-01
1.907089501619338989e-01
1.899027675390243530e-01
1.891050785779953003e-01
1.883156895637512207e-01
1.875344067811965942e-01
1.867616623640060425e-01
1.859969496726989746e-01
1.852400898933410645e-01
1.844908595085144043e-01
1.837491244077682495e-01
1.830146610736846924e-01
1.822873353958129883e-01
1.815669536590576172e-01
1.808533966541290283e-01
1.801468133926391602e-01
1.794474571943283081e-01
1.787548512220382690e-01
1.780688464641571045e-01
1.773892790079116821e-01
1.767159849405288696e-01
1.760488450527191162e-01
1.753877103328704834e-01
1.747325062751770020e-01
1.740830540657043457e-01
1.734393388032913208e-01
1.728012859821319580e-01
1.721689552068710327e-01
1.715421825647354126e-01
1.709207594394683838e-01
1.703046411275863647e-01
1.696937978267669678e-01
1.690880507230758667e-01
1.684872955083847046e-01
1.678914427757263184e-01
1.673004180192947388e-01
1.667141765356063843e-01
1.661326289176940918e-01
1.655556559562683105e-01
1.649831682443618774e-01
1.644150763750076294e-01
1.638512909412384033e-01
1.632917672395706177e-01
1.627364158630371094e-01
1.621851474046707153e-01
1.616379618644714355e-01
1.610951721668243408e-01
1.605571657419204712e-01
1.600234806537628174e-01
