8.408209681510925293e-01
8.411909937858581543e-01
8.415529727935791016e-01
8.419071435928344727e-01
8.422536849975585938e-01
8.425928354263305664e-01
8.225710988044738770e-01
8.031042218208312988e-01
7.841800451278686523e-01
7.657898664474487305e-01
7.479201555252075195e-01
7.305597066879272461e-01
7.136998176574707031e-01
6.973291635513305664e-01
6.814367771148681641e-01
6.660100221633911133e-01
6.510375142097473145e-01
6.365098357200622559e-01
6.224153041839599609e-01
6.087424755096435547e-01
5.954813957214355469e-01
5.826210975646972656e-01
5.701508522033691406e-01
5.580602884292602539e-01
5.463390946388244629e-01
5.349773168563842773e-01
5.239650607109069824e-01
5.132932066917419434e-01
5.029519796371459961e-01
4.929321706295013428e-01
4.832245707511901855e-01
4.738213717937469482e-01
4.647153019905090332e-01
4.558970928192138672e-01
4.473578929901123047e-01
4.390894472599029541e-01
4.310835897922515869e-01
4.233323931694030762e-01
4.158279001712799072e-01
4.085625410079956055e-01
4.015304148197174072e-01
3.947236835956573486e-01
3.881354928016662598e-01
3.817595243453979492e-01
3.755885660648345947e-01
3.696158826351165771e-01
3.638353049755096436e-01
3.582408130168914795e-01
3.528259098529815674e-01
3.475850224494934082e-01
3.425120413303375244e-01
3.376018702983856201e-01
3.328507244586944580e-01
3.282529711723327637e-01
3.238033056259155273e-01
3.194968998432159424e-01
3.153284192085266113e-01
3.112932145595550537e-01
3.073863387107849121e-01
3.036035597324371338e-01
2.999405562877655029e-01
2.963933646678924561e-01
2.929586470127105713e-01
2.896322309970855713e-01
2.864100039005279541e-01
2.832883000373840332e-01
2.802640497684478760e-01
2.773334383964538574e-01
2.744928002357482910e-01
2.717388868331909180e-01
2.690683305263519287e-01
2.664779424667358398e-01
2.639645636081695557e-01
2.615252137184143066e-01
2.591569721698760986e-01
2.568572461605072021e-01
2.546232044696807861e-01
2.524523437023162842e-01
2.503423690795898438e-01
2.482907921075820923e-01
2.462952435016632080e-01
2.443536370992660522e-01
2.424637228250503540e-01
2.406235635280609131e-01
2.388311773538589478e-01
2.370846420526504517e-01
2.353827059268951416e-01
2.337235510349273682e-01
2.321054637432098389e-01
2.305268347263336182e-01
2.289859801530838013e-01
2.274815738201141357e-01
2.260122299194335938e-01
2.245766669511795044e-01
2.231736779212951660e-01
2.218022048473358154e-01
2.204607874155044556e-01
2.191482931375503540e-01
2.178636193275451660e-01
2.166057229042053223e-01
2.153736203908920288e-01
2.141662538051605225e-01
2.129827141761779785e-01
2.118221223354339600e-01
2.106835693120956421e-01
2.095661908388137817e-01
2.084692418575286865e-01
2.073919326066970825e-01
2.063335180282592773e-01
2.052933126688003540e-01
2.042706459760665894e-01
2.032648622989654541e-01
2.022753506898880005e-01
2.013018280267715454e-01
2.003436386585235596e-01
1.994002610445022583e-01
1.984711587429046631e-01
1.975557804107666016e-01
1.966537088155746460e-01
1.957644522190093994e-01
1.948875933885574341e-01
1.940228939056396484e-01
1.931698024272918701e-01
1.923279911279678345e-01
1.914973258972167969e-01
1.906775832176208496e-01
1.898683160543441772e-01
1.890691667795181274e-01
1.882797926664352417e-01
1.874999254941940308e-01
1.867298483848571777e-01
1.859689801931381226e-01
1.852169781923294067e-01
1.844736486673355103e-01
1.837386488914489746e-01
1.830117851495742798e-01
1.822927743196487427e-01
1.815814375877380371e-01
1.808775067329406738e-01
1.801810711622238159e-01
1.794923543930053711e-01
1.788108050823211670e-01
1.781362593173980713e-01
1.774684935808181763e-01
1.768072992563247681e-01
1.761525124311447144e-01
1.755039840936660767e-01
1.748615354299545288e-01
1.742250174283981323e-01
1.735943704843521118e-01
1.729694902896881104e-01
1.723503470420837402e-01
1.717368364334106445e-01
1.711287349462509155e-01
1.705259233713150024e-01
1.699283719062805176e-01
1.693359166383743286e-01
1.687484532594680786e-01
1.681658327579498291e-01
1.675879508256912231e-01
1.670148074626922607e-01
1.664462685585021973e-01
1.658822298049926758e-01
1.653225868940353394e-01
1.647672504186630249e-01
1.642161458730697632e-01
1.636691540479660034e-01
1.631262302398681641e-01
1.625873148441314697e-01
1.620522886514663696e-01
1.615211814641952515e-01
1.609944552183151245e-01
1.604721546173095703e-01
1.599539369344711304e-01
1.594396978616714478e-01
1.589293926954269409e-01
1.584231704473495483e-01
1.579207926988601685e-01
1.574221998453140259e-01
1.569272577762603760e-01
1.564359515905380249e-01
1.559482514858245850e-01
1.554639935493469238e-01
1.549831479787826538e-01
1.545056551694869995e-01
1.540314555168151855e-01
1.535605490207672119e-01
1.530928462743759155e-01
1.526283472776412964e-01
1.521669924259185791e-01
1.517086774110794067e-01
1.512535959482192993e-01
1.508015245199203491e-01
1.503526270389556885e-01
1.499067246913909912e-01
1.494638323783874512e-01
1.490239650011062622e-01
1.485870331525802612e-01
1.481529623270034790e-01
1.477216631174087524e-01
1.472931206226348877e-01
1.468673199415206909e-01
1.464443355798721313e-01
1.460239887237548828e-01
1.456062644720077515e-01
