0.000000000000000000e+00
2.022226899862289429e-01
3.621058464050292969e-01
4.657460451126098633e-01
5.297622680664062500e-01
5.708656311035156250e-01
4.740705788135528564e-01
3.953538239002227783e-01
3.313316404819488525e-01
2.792925536632537842e-01
2.370193749666213989e-01
2.027133703231811523e-01
1.748854219913482666e-01
1.523169279098510742e-01
1.340296119451522827e-01
1.192404255270957947e-01
1.073072031140327454e-01
9.772773087024688721e-02
9.003949910402297974e-02
8.388300985097885132e-02
7.897936552762985229e-02
7.507762312889099121e-02
7.197035104036331177e-02
6.950868666172027588e-02
6.755793839693069458e-02
6.602002680301666260e-02
6.480540335178375244e-02
6.384331732988357544e-02
6.308005750179290771e-02
6.247073039412498474e-02
6.198227778077125549e-02
6.158794835209846497e-02
6.126695126295089722e-02
6.100317090749740601e-02
6.078418716788291931e-02
6.060025468468666077e-02
6.044439598917961121e-02
6.030991300940513611e-02
6.019203737378120422e-02
6.008707731962203979e-02
5.999216809868812561e-02
5.990508571267127991e-02
5.982409790158271790e-02
5.974786356091499329e-02
5.967534333467483521e-02
5.960572138428688049e-02
5.953836068511009216e-02
5.947278812527656555e-02
5.940861999988555908e-02
5.934555828571319580e-02
5.928338319063186646e-02
5.922190472483634949e-02
5.916099250316619873e-02
5.910054221749305725e-02
5.904047563672065735e-02
5.898071452975273132e-02
5.892121791839599609e-02
5.886194482445716858e-02
5.880286917090415955e-02
5.874395370483398438e-02
5.868519842624664307e-02
5.862657725811004639e-02
5.856809392571449280e-02
5.850972235202789307e-02
5.845146253705024719e-02
5.839334428310394287e-02
5.833536013960838318e-02
5.827748775482177734e-02
5.821972340345382690e-02
5.816205590963363647e-02
5.810449272394180298e-02
5.804703012108802795e-02
5.798966065049171448e-02
5.793238058686256409e-02
5.787520855665206909e-02
5.781811848282814026e-02
5.776111781597137451e-02
5.770419910550117493e-02
5.764738097786903381e-02
5.759065598249435425e-02
5.753400176763534546e-02
5.747744813561439514e-02
5.742097645998001099e-02
5.736459419131278992e-02
5.730830132961273193e-02
5.725209787487983704e-02
5.719597637653350830e-02
5.713994801044464111e-02
5.708399787545204163e-02
5.702814087271690369e-02
5.697236210107803345e-02
5.691666901111602783e-02
5.686106160283088684e-02
5.680554732680320740e-02
5.675011128187179565e-02
5.669476091861724854e-02
5.663949623703956604e-02
5.658431351184844971e-02
5.652920901775360107e-02
5.647419393062591553e-02
5.641926452517509460e-02
5.636441335082054138e-02
5.630970746278762817e-02
5.625522509217262268e-02
5.620086938142776489e-02
5.614662915468215942e-02
5.609249696135520935e-02
5.603847652673721313e-02
5.598454549908638000e-02
5.593070015311241150e-02
5.587695538997650146e-02
5.582330375909805298e-02
5.576980113983154297e-02
5.571640655398368835e-02
5.566311627626419067e-02
5.560992285609245300e-02
5.555681139230728149e-02
5.550379678606987000e-02
5.545086041092872620e-02
5.539802834391593933e-02
5.534527823328971863e-02
5.529260635375976562e-02
5.524002760648727417e-02
5.518753081560134888e-02
5.513510480523109436e-02
5.508276075124740601e-02
5.503049865365028381e-02
5.497831106185913086e-02
5.492620170116424561e-02
5.487417429685592651e-02
5.482221394777297974e-02
5.477033555507659912e-02
5.471853539347648621e-02
5.466680228710174561e-02
5.461515113711357117e-02
5.456357076764106750e-02
5.451206862926483154e-02
5.446064099669456482e-02
5.440929159522056580e-02
5.435802042484283447e-02
5.430683493614196777e-02
5.425572022795677185e-02
5.420468375086784363e-02
5.415372177958488464e-02
5.410283803939819336e-02
5.405202880501747131e-02
5.400129407644271851e-02
5.395062640309333801e-02
5.390003696084022522e-02
5.384952202439308167e-02
5.379907786846160889e-02
5.374870449304580688e-02
5.369840562343597412e-02
5.364818125963211060e-02
5.359803140163421631e-02
5.354795232415199280e-02
5.349793657660484314e-02
5.344800278544425964e-02
5.339813232421875000e-02
5.334834381937980652e-02
5.329861491918563843e-02
5.324896797537803650e-02
5.319938436150550842e-02
5.314987152814865112e-02
5.310043692588806152e-02
5.305106565356254578e-02
5.300176888704299927e-02
5.295254290103912354e-02
5.290338769555091858e-02
5.285429581999778748e-02
5.280533432960510254e-02
5.275649949908256531e-02
5.270776152610778809e-02
5.265910923480987549e-02
5.261053889989852905e-02
5.256205052137374878e-02
5.251363292336463928e-02
5.246529355645179749e-02
5.241702869534492493e-02
5.236883088946342468e-02
5.232070013880729675e-02
5.227264761924743652e-02
5.222466215491294861e-02
5.217674002051353455e-02
5.212893337011337280e-02
5.208121240139007568e-02
5.203356966376304626e-02
5.198600515723228455e-02
5.193851143121719360e-02
5.189108848571777344e-02
5.184374004602432251e-02
5.179645493626594543e-02
5.174924060702323914e-02
5.170210450887680054e-02
5.165507271885871887e-02
5.160811543464660645e-02
5.156123638153076172e-02
5.151442810893058777e-02
5.146768689155578613e-02
5.142101645469665527e-02
5.137444660067558289e-02
5.132794752717018127e-02
5.128152668476104736e-02
5.123516917228698730e-02
5.118888989090919495e-02
