-4.416266083717346191e-01 6.173043977469205856e-03
-4.195452630519866943e-01 6.207385100424289703e-03
-3.974639475345611572e-01 6.251200102269649506e-03
-3.753826022148132324e-01 6.295014172792434692e-03
-3.533012568950653076e-01 6.345418747514486313e-03
-3.312199413776397705e-01 6.414304953068494797e-03
-3.091385960578918457e-01 6.508383434265851974e-03
-2.870572507381439209e-01 6.659561768174171448e-03
-2.649759352207183838e-01 6.872929632663726807e-03
-2.428945899009704590e-01 7.120238151401281357e-03
-2.208132445812225342e-01 7.447336800396442413e-03
-1.987319141626358032e-01 7.903468795120716095e-03
-1.766505837440490723e-01 8.546833880245685577e-03
-1.545692384243011475e-01 9.359090588986873627e-03
-1.324879080057144165e-01 1.045769453048706055e-02
-1.104065701365470886e-01 1.200720109045505524e-02
-8.832523971796035767e-02 1.451275032013654709e-02
-6.624390184879302979e-02 1.795183680951595306e-02
-4.416256770491600037e-02 2.269322052597999573e-02
-2.208122983574867249e-02 2.940441668033599854e-02
1.052919884614311741e-07 3.949092701077461243e-02
2.208141423761844635e-02 5.311835929751396179e-02
4.416277632117271423e-02 6.944534182548522949e-02
6.624414026737213135e-02 8.736512064933776855e-02
8.832544833421707153e-02 1.063406243920326233e-01
1.104067564010620117e-01 1.259117424488067627e-01
1.324881166219711304e-01 1.457757353782653809e-01
1.545694768428802490e-01 1.658806353807449341e-01
1.766507923603057861e-01 1.861159652471542358e-01
1.987320929765701294e-01 2.064300477504730225e-01
2.208134680986404419e-01 2.267858833074569702e-01
2.428948283195495605e-01 2.471603006124496460e-01
2.649761438369750977e-01 2.675494551658630371e-01
2.870574295520782471e-01 2.879430949687957764e-01
3.091388046741485596e-01 3.083552420139312744e-01
3.312201797962188721e-01 3.287851214408874512e-01
3.533014655113220215e-01 3.492271602153778076e-01
3.753827810287475586e-01 3.696824908256530762e-01
3.974641561508178711e-01 3.901415169239044189e-01
4.195455014705657959e-01 4.106050729751586914e-01
4.416268169879913330e-01 4.310750365257263184e-01
4.637081325054168701e-01 4.515461027622222900e-01
4.857894480228424072e-01 4.720178842544555664e-01
5.078708529472351074e-01 4.924955964088439941e-01
5.299521684646606445e-01 5.129767656326293945e-01
5.520334839820861816e-01 5.334587097167968750e-01
5.741148591041564941e-01 5.539416074752807617e-01
5.961961746215820312e-01 5.744245052337646484e-01
6.182774901390075684e-01 5.949073433876037598e-01
6.403588056564331055e-01 6.153907179832458496e-01
6.624401211738586426e-01 6.358751654624938965e-01
6.845215559005737305e-01 6.563607454299926758e-01
7.066028714179992676e-01 6.768485903739929199e-01
7.286841273307800293e-01 6.973364949226379395e-01
7.507655620574951172e-01 7.178270816802978516e-01
7.728468775749206543e-01 7.383212447166442871e-01
7.949281930923461914e-01 7.588191628456115723e-01
8.170095086097717285e-01 7.793170809745788574e-01
8.390908241271972656e-01 7.998180389404296875e-01
8.611721992492675781e-01 8.203196525573730469e-01
8.832535147666931152e-01 8.408214449882507324e-01
9.053348302841186523e-01 8.613229990005493164e-01
9.274162650108337402e-01 8.818257451057434082e-01
9.494975805282592773e-01 9.023283123970031738e-01
9.715788960456848145e-01 9.228308796882629395e-01
9.936602115631103516e-01 9.433335661888122559e-01
1.015741467475891113e+00 9.638362526893615723e-01
1.037822961807250977e+00 9.843392372131347656e-01
1.059904217720031738e+00 1.004844188690185547e+00
1.081985473632812500e+00 1.025349497795104980e+00
1.104066967964172363e+00 1.045854926109313965e+00
1.126148223876953125e+00 1.066360235214233398e+00
1.148229598999023438e+00 1.086865544319152832e+00
1.170310854911804199e+00 1.107370853424072266e+00
1.192392230033874512e+00 1.127876043319702148e+00
1.214473605155944824e+00 1.148381590843200684e+00
1.236554861068725586e+00 1.168886661529541016e+00
1.258636236190795898e+00 1.189392089843750000e+00
1.280717611312866211e+00 1.209897518157958984e+00
1.302798986434936523e+00 1.230402827262878418e+00
1.324880242347717285e+00 1.250908136367797852e+00
