-4.416266083717346191e-01 6.213548593223094940e-03
-4.195452630519866943e-01 6.244706921279430389e-03
-3.974639475345611572e-01 6.285140290856361389e-03
-3.753826022148132324e-01 6.325574126094579697e-03
-3.533012568950653076e-01 6.372448522597551346e-03
-3.312199413776397705e-01 6.437378004193305969e-03
-3.091385960578918457e-01 6.526905577629804611e-03
-2.870572507381439209e-01 6.672136485576629639e-03
-2.649759352207183838e-01 6.877990905195474625e-03
-2.428945899009704590e-01 7.116911001503467560e-03
-2.208132445812225342e-01 7.433458697050809860e-03
-1.987319141626358032e-01 7.875453680753707886e-03
-1.766505837440490723e-01 8.499260991811752319e-03
-1.545692384243011475e-01 9.286899119615554810e-03
-1.324879080057144165e-01 1.035191677510738373e-02
-1.104065701365470886e-01 1.185306068509817123e-02
-8.832523971796035767e-02 1.427753642201423645e-02
-6.624390184879302979e-02 1.760226115584373474e-02
-4.416256770491600037e-02 2.218017540872097015e-02
-2.208122983574867249e-02 2.864962071180343628e-02
1.052919884614311741e-07 3.835283219814300537e-02
2.208141423761844635e-02 5.143893510103225708e-02
4.416277632117271423e-02 6.709789484739303589e-02
6.624414026737213135e-02 8.426920324563980103e-02
8.832544833421707153e-02 1.024383828043937683e-01
1.104067564010620117e-01 1.211680620908737183e-01
1.324881166219711304e-01 1.401717215776443481e-01
1.545694768428802490e-01 1.593989282846450806e-01
1.766507923603057861e-01 1.787461042404174805e-01
1.987320929765701294e-01 1.981649249792098999e-01
2.208134680986404419e-01 2.176216244697570801e-01
2.428948283195495605e-01 2.370954751968383789e-01
2.649761438369750977e-01 2.565828263759613037e-01
2.870574295520782471e-01 2.760743796825408936e-01
3.091388046741485596e-01 2.955828905105590820e-01
3.312201797962188721e-01 3.151078820228576660e-01
3.533014655113220215e-01 3.346443176269531250e-01
3.753827810287475586e-01 3.541932404041290283e-01
3.974641561508178711e-01 3.737457990646362305e-01
4.195455014705657959e-01 3.933026492595672607e-01
4.416268169879913330e-01 4.128660857677459717e-01
4.637081325054168701e-01 4.324305057525634766e-01
4.857894480228424072e-01 4.519955515861511230e-01
5.078708529472351074e-01 4.715663790702819824e-01
5.299521684646606445e-01 4.911405444145202637e-01
5.520334839820861816e-01 5.107154250144958496e-01
5.741148591041564941e-01 5.302913784980773926e-01
5.961961746215820312e-01 5.498671531677246094e-01
6.182774901390075684e-01 5.694429874420166016e-01
6.403588056564331055e-01 5.890193581581115723e-01
6.624401211738586426e-01 6.085967421531677246e-01
6.845215559005737305e-01 6.281753778457641602e-01
7.066028714179992676e-01 6.477560997009277344e-01
7.286841273307800293e-01 6.673369407653808594e-01
7.507655620574951172e-01 6.869205832481384277e-01
7.728468775749206543e-01 7.065077424049377441e-01
7.949281930923461914e-01 7.260988950729370117e-01
8.170095086097717285e-01 7.456899881362915039e-01
8.390908241271972656e-01 7.652841806411743164e-01
8.611721992492675781e-01 7.848792076110839844e-01
8.832535147666931152e-01 8.044740557670593262e-01
9.053348302841186523e-01 8.240690827369689941e-01
9.274162650108337402e-01 8.436650037765502930e-01
9.494975805282592773e-01 8.632608056068420410e-01
9.715788960456848145e-01 8.828567266464233398e-01
9.936602115631103516e-01 9.024525880813598633e-01
1.015741467475891113e+00 9.220485687255859375e-01
1.037822961807250977e+00 9.416449666023254395e-01
1.059904217720031738e+00 9.612432122230529785e-01
1.081985473632812500e+00 9.808418154716491699e-01
1.104066967964172363e+00 1.000440478324890137e+00
1.126148223876953125e+00 1.020039081573486328e+00
1.148229598999023438e+00 1.039637684822082520e+00
1.170310854911804199e+00 1.059236407279968262e+00
1.192392230033874512e+00 1.078835010528564453e+00
1.214473605155944824e+00 1.098433732986450195e+00
1.236554861068725586e+00 1.118032336235046387e+00
1.258636236190795898e+00 1.137630939483642578e+00
1.280717611312866211e+00 1.157229661941528320e+00
1.302798986434936523e+00 1.176828384399414062e+00
1.324880242347717285e+00 1.196426987648010254e+00
