8.044737577438354492e-01
8.057845234870910645e-01
8.070555329322814941e-01
8.082884550094604492e-01
8.094848394393920898e-01
8.106462955474853516e-01
7.765571475028991699e-01
7.441949248313903809e-01
7.134801149368286133e-01
6.843369007110595703e-01
6.566945910453796387e-01
6.304766535758972168e-01
6.056162714958190918e-01
5.820457339286804199e-01
5.597020983695983887e-01
5.385236740112304688e-01
5.184519886970520020e-01
4.994318485260009766e-01
4.814107418060302734e-01
4.643383324146270752e-01
4.481702446937561035e-01
4.328603446483612061e-01
4.183632731437683105e-01
4.046369493007659912e-01
3.916423022747039795e-01
3.793432414531707764e-01
3.677040040493011475e-01
3.566890358924865723e-01
3.462661802768707275e-01
3.364037871360778809e-01
3.270728290081024170e-01
3.182488977909088135e-01
3.099041283130645752e-01
3.020121157169342041e-01
2.945481836795806885e-01
2.874904274940490723e-01
2.808182835578918457e-01
2.745102047920227051e-01
2.685469090938568115e-01
2.629084885120391846e-01
2.575762867927551270e-01
2.525325715541839600e-01
2.477610409259796143e-01
2.432460933923721313e-01
2.389727979898452759e-01
2.349270284175872803e-01
2.310959845781326294e-01
2.274682074785232544e-01
2.240311056375503540e-01
2.207739502191543579e-01
2.176868319511413574e-01
2.147593796253204346e-01
2.119822353124618530e-01
2.093463987112045288e-01
2.068433910608291626e-01
2.044652253389358521e-01
2.022043168544769287e-01
2.000535726547241211e-01
1.980068981647491455e-01
1.960579603910446167e-01
1.942006200551986694e-01
1.924294233322143555e-01
1.907392293214797974e-01
1.891256272792816162e-01
1.875839680433273315e-01
1.861096173524856567e-01
1.846995204687118530e-01
1.833491474390029907e-01
1.820547729730606079e-01
1.808128952980041504e-01
1.796202361583709717e-01
1.784748882055282593e-01
1.773734986782073975e-01
1.763132512569427490e-01
1.752914935350418091e-01
1.743059009313583374e-01
1.733541935682296753e-01
1.724344491958618164e-01
1.715448647737503052e-01
1.706835776567459106e-01
1.698487251996994019e-01
1.690388321876525879e-01
1.682522743940353394e-01
1.674875915050506592e-01
1.667435020208358765e-01
1.660188436508178711e-01
1.653123646974563599e-01
1.646229475736618042e-01
1.639496088027954102e-01
1.632913649082183838e-01
1.626473069190979004e-01
1.620166301727294922e-01
1.613986194133758545e-01
1.607931852340698242e-01
1.601997315883636475e-01
1.596173346042633057e-01
1.590453535318374634e-01
1.584834009408950806e-01
1.579309403896331787e-01
1.573873460292816162e-01
1.568521708250045776e-01
1.563249528408050537e-01
1.558053344488143921e-01
1.552928984165191650e-01
1.547872275114059448e-01
1.542880237102508545e-01
1.537950187921524048e-01
1.533078998327255249e-01
1.528264582157135010e-01
1.523504257202148438e-01
1.518795043230056763e-01
1.514136493206024170e-01
1.509526222944259644e-01
1.504962742328643799e-01
1.500444263219833374e-01
1.495968699455261230e-01
1.491535902023315430e-01
1.487143486738204956e-01
1.482789516448974609e-01
1.478472799062728882e-01
1.474191695451736450e-01
1.469945460557937622e-01
1.465734243392944336e-01
1.461556106805801392e-01
1.457409709692001343e-01
1.453293859958648682e-01
1.449207961559295654e-01
1.445150971412658691e-01
1.441121846437454224e-01
1.437120139598846436e-01
1.433145105838775635e-01
1.429195851087570190e-01
1.425271779298782349e-01
1.421372443437576294e-01
1.417496949434280396e-01
1.413648277521133423e-01
1.409825384616851807e-01
1.406026482582092285e-01
1.402251422405242920e-01
1.398499459028244019e-01
1.394769847393035889e-01
1.391062885522842407e-01
1.387377083301544189e-01
1.383712887763977051e-01
1.380069255828857422e-01
1.376447528600692749e-01
1.372848898172378540e-01
1.369273364543914795e-01
1.365719586610794067e-01
1.362193971872329712e-01
1.358692348003387451e-01
1.355213373899459839e-01
1.351756602525711060e-01
1.348321437835693359e-01
1.344907730817794800e-01
1.341514587402343750e-01
1.338141560554504395e-01
1.334788054227828979e-01
1.331453919410705566e-01
1.328138113021850586e-01
1.324840486049652100e-01
1.321560889482498169e-01
1.318299323320388794e-01
1.315055191516876221e-01
1.311828196048736572e-01
1.308617889881134033e-01
1.305424124002456665e-01
1.302246451377868652e-01
1.299084573984146118e-01
1.295938342809677124e-01
1.292807608842849731e-01
1.289692372083663940e-01
1.286592334508895874e-01
1.283508390188217163e-01
1.280440539121627808e-01
1.277388334274291992e-01
1.274356991052627563e-01
1.271347999572753906e-01
1.268362700939178467e-01
1.265397667884826660e-01
1.262451857328414917e-01
1.259524673223495483e-01
1.256615221500396729e-01
1.253722906112670898e-01
1.250847131013870239e-01
1.247987374663352966e-01
1.245143115520477295e-01
1.242313981056213379e-01
1.239499524235725403e-01
1.236699223518371582e-01
1.233912706375122070e-01
1.231139823794364929e-01
1.228380277752876282e-01
1.225633844733238220e-01
1.222900226712226868e-01
1.220178902149200439e-01
1.217470020055770874e-01
1.214772984385490417e-01
1.212088018655776978e-01
1.209414973855018616e-01
1.206753402948379517e-01
1.204103231430053711e-01
1.201464310288429260e-01
1.198836490511894226e-01
1.196220293641090393e-01
