-4.416266083717346191e-01 5.745787173509597778e-03
-4.195452630519866943e-01 5.780823994427919388e-03
-3.974639475345611572e-01 5.824914202094078064e-03
-3.753826022148132324e-01 5.869004409760236740e-03
-3.533012568950653076e-01 5.919400602579116821e-03
-3.312199413776397705e-01 5.987494252622127533e-03
-3.091385960578918457e-01 6.079721264541149139e-03
-2.870572507381439209e-01 6.226692814379930496e-03
-2.649759352207183838e-01 6.433328613638877869e-03
-2.428945899009704590e-01 6.672547664493322372e-03
-2.208132445812225342e-01 6.988456472754478455e-03
-1.987319141626358032e-01 7.428461685776710510e-03
-1.766505837440490723e-01 8.048738352954387665e-03
-1.545692384243011475e-01 8.831778541207313538e-03
-1.324879080057144165e-01 9.891126304864883423e-03
-1.104065701365470886e-01 1.138616167008876801e-02
-8.832523971796035767e-02 1.380621641874313354e-02
-6.624390184879302979e-02 1.713073253631591797e-02
-4.416256770491600037e-02 2.171939052641391754e-02
-2.208122983574867249e-02 2.822376042604446411e-02
1.052919884614311741e-07 3.801742941141128540e-02
2.208141423761844635e-02 5.127037316560745239e-02
4.416277632117271423e-02 6.716623157262802124e-02
6.624414026737213135e-02 8.462659269571304321e-02
8.832544833421707153e-02 1.031280308961868286e-01
1.104067564010620117e-01 1.222190335392951965e-01
1.324881166219711304e-01 1.416013985872268677e-01
1.545694768428802490e-01 1.612250953912734985e-01
1.766507923603057861e-01 1.809804141521453857e-01
1.987320929765701294e-01 2.008158564567565918e-01
2.208134680986404419e-01 2.206939458847045898e-01
2.428948283195495605e-01 2.405907660722732544e-01
2.649761438369750977e-01 2.605023682117462158e-01
2.870574295520782471e-01 2.804185152053833008e-01
3.091388046741485596e-01 3.003534376621246338e-01
3.312201797962188721e-01 3.203060925006866455e-01
3.533014655113220215e-01 3.402707278728485107e-01
3.753827810287475586e-01 3.602485358715057373e-01
3.974641561508178711e-01 3.802299499511718750e-01
4.195455014705657959e-01 4.002156257629394531e-01
4.416268169879913330e-01 4.202073812484741211e-01
4.637081325054168701e-01 4.402001500129699707e-01
4.857894480228424072e-01 4.601935744285583496e-01
5.078708529472351074e-01 4.801928102970123291e-01
5.299521684646606445e-01 5.001954436302185059e-01
5.520334839820861816e-01 5.201987624168395996e-01
5.741148591041564941e-01 5.402030348777770996e-01
5.961961746215820312e-01 5.602071285247802734e-01
6.182774901390075684e-01 5.802112817764282227e-01
6.403588056564331055e-01 6.002160310745239258e-01
6.624401211738586426e-01 6.202217340469360352e-01
6.845215559005737305e-01 6.402284502983093262e-01
7.066028714179992676e-01 6.602373123168945312e-01
7.286841273307800293e-01 6.802461743354797363e-01
7.507655620574951172e-01 7.002575397491455078e-01
7.728468775749206543e-01 7.202721834182739258e-01
7.949281930923461914e-01 7.402902841567993164e-01
8.170095086097717285e-01 7.603083848953247070e-01
8.390908241271972656e-01 7.803292274475097656e-01
8.611721992492675781e-01 8.003508448600769043e-01
8.832535147666931152e-01 8.203723430633544922e-01
9.053348302841186523e-01 8.403939008712768555e-01
9.274162650108337402e-01 8.604164123535156250e-01
9.494975805282592773e-01 8.804387450218200684e-01
9.715788960456848145e-01 9.004610776901245117e-01
9.936602115631103516e-01 9.204835295677185059e-01
1.015741467475891113e+00 9.405059218406677246e-01
1.037822961807250977e+00 9.605289101600646973e-01
1.059904217720031738e+00 9.805533289909362793e-01
1.081985473632812500e+00 1.000578165054321289e+00
1.104066967964172363e+00 1.020603299140930176e+00
1.126148223876953125e+00 1.040628075599670410e+00
1.148229598999023438e+00 1.060652971267700195e+00
1.170310854911804199e+00 1.080677866935729980e+00
1.192392230033874512e+00 1.100702762603759766e+00
1.214473605155944824e+00 1.120727658271789551e+00
1.236554861068725586e+00 1.140752553939819336e+00
1.258636236190795898e+00 1.160777449607849121e+00
1.280717611312866211e+00 1.180802464485168457e+00
1.302798986434936523e+00 1.200827360153198242e+00
1.324880242347717285e+00 1.220852136611938477e+00
