-4.416266083717346191e-01 4.475623071193695068e-01
-4.195452630519866943e-01 4.255171418190002441e-01
-3.974639475345611572e-01 4.034813642501831055e-01
-3.753826022148132324e-01 3.814455866813659668e-01
-3.533012568950653076e-01 3.594163060188293457e-01
-3.312199413776397705e-01 3.374053239822387695e-01
-3.091385960578918457e-01 3.154192566871643066e-01
-2.870572507381439209e-01 2.934897243976593018e-01
-2.649759352207183838e-01 2.716218829154968262e-01
-2.428945899009704590e-01 2.497876733541488647e-01
-2.208132445812225342e-01 2.280326634645462036e-01
-1.987319141626358032e-01 2.064058929681777954e-01
-1.766505837440490723e-01 1.849653273820877075e-01
-1.545692384243011475e-01 1.636929064989089966e-01
-1.324879080057144165e-01 1.427059322595596313e-01
-1.104065701365470886e-01 1.221690475940704346e-01
-8.832523971796035767e-02 1.025877520442008972e-01
-6.624390184879302979e-02 8.394080400466918945e-02
-4.416256770491600037e-02 6.659978628158569336e-02
-2.208122983574867249e-02 5.123779177665710449e-02
1.052919884614311741e-07 3.927381336688995361e-02
2.208141423761844635e-02 3.088346309959888458e-02
4.416277632117271423e-02 2.522331848740577698e-02
6.624414026737213135e-02 2.117938548326492310e-02
8.832544833421707153e-02 1.821098476648330688e-02
1.104067564010620117e-01 1.585164666175842285e-02
1.324881166219711304e-01 1.379325985908508301e-02
1.545694768428802490e-01 1.198415458202362061e-02
1.766507923603057861e-01 1.031106710433959961e-02
1.987320929765701294e-01 8.720785379409790039e-03
2.208134680986404419e-01 7.174462080001831055e-03
2.428948283195495605e-01 5.647510290145874023e-03
2.649761438369750977e-01 4.135876893997192383e-03
2.870574295520782471e-01 2.629041671752929688e-03
3.091388046741485596e-01 1.141428947448730469e-03
3.312201797962188721e-01 -3.278553485870361328e-04
3.533014655113220215e-01 -1.784712076187133789e-03
3.753827810287475586e-01 -3.227919340133666992e-03
3.974641561508178711e-01 -4.667490720748901367e-03
4.195455014705657959e-01 -6.102591753005981445e-03
4.416268169879913330e-01 -7.531464099884033203e-03
4.637081325054168701e-01 -8.959233760833740234e-03
4.857894480228424072e-01 -1.038631796836853027e-02
5.078708529472351074e-01 -1.180756092071533203e-02
5.299521684646606445e-01 -1.322513818740844727e-02
5.520334839820861816e-01 -1.464200019836425781e-02
5.741148591041564941e-01 -1.605802774429321289e-02
5.961961746215820312e-01 -1.747405529022216797e-02
6.182774901390075684e-01 -1.889002323150634766e-02
6.403588056564331055e-01 -2.030557394027709961e-02
6.624401211738586426e-01 -2.171993255615234375e-02
6.845215559005737305e-01 -2.313339710235595703e-02
7.066028714179992676e-01 -2.454459667205810547e-02
7.286841273307800293e-01 -2.595573663711547852e-02
7.507655620574951172e-01 -2.736431360244750977e-02
7.728468775749206543e-01 -2.876955270767211914e-02
7.949281930923461914e-01 -3.017115592956542969e-02
8.170095086097717285e-01 -3.157275915145874023e-02
8.390908241271972656e-01 -3.297144174575805664e-02
8.611721992492675781e-01 -3.436952829360961914e-02
8.832535147666931152e-01 -3.576755523681640625e-02
9.053348302841186523e-01 -3.716570138931274414e-02
9.274162650108337402e-01 -3.856301307678222656e-02
9.494975805282592773e-01 -3.996008634567260742e-02
9.715788960456848145e-01 -4.135721921920776367e-02
9.936602115631103516e-01 -4.275447130203247070e-02
1.015741467475891113e+00 -4.415142536163330078e-02
1.037822961807250977e+00 -4.554831981658935547e-02
1.059904217720031738e+00 -4.694330692291259766e-02
1.081985473632812500e+00 -4.833781719207763672e-02
1.104066967964172363e+00 -4.973256587982177734e-02
1.126148223876953125e+00 -5.112707614898681641e-02
1.148229598999023438e+00 -5.252170562744140625e-02
1.170310854911804199e+00 -5.391633510589599609e-02
1.192392230033874512e+00 -5.531096458435058594e-02
1.214473605155944824e+00 -5.670559406280517578e-02
1.236554861068725586e+00 -5.810010433197021484e-02
1.258636236190795898e+00 -5.949473381042480469e-02
1.280717611312866211e+00 -6.088924407958984375e-02
1.302798986434936523e+00 -6.228399276733398438e-02
1.324880242347717285e+00 -6.367850303649902344e-02
