-4.416266083717346191e-01 4.476269781589508057e-01
-4.195452630519866943e-01 4.255822300910949707e-01
-3.974639475345611572e-01 4.035469591617584229e-01
-3.753826022148132324e-01 3.815116584300994873e-01
-3.533012568950653076e-01 3.594829440116882324e-01
-3.312199413776397705e-01 3.374727368354797363e-01
-3.091385960578918457e-01 3.154876828193664551e-01
-2.870572507381439209e-01 2.935598492622375488e-01
-2.649759352207183838e-01 2.716943025588989258e-01
-2.428945899009704590e-01 2.498627901077270508e-01
-2.208132445812225342e-01 2.281113415956497192e-01
-1.987319141626358032e-01 2.064895182847976685e-01
-1.766505837440490723e-01 1.850559413433074951e-01
-1.545692384243011475e-01 1.637923419475555420e-01
-1.324879080057144165e-01 1.428172886371612549e-01
-1.104065701365470886e-01 1.222972273826599121e-01
-8.832523971796035767e-02 1.027431786060333252e-01
-6.624390184879302979e-02 8.413366228342056274e-02
-4.416256770491600037e-02 6.684429943561553955e-02
-2.208122983574867249e-02 5.155552923679351807e-02
1.052919884614311741e-07 3.970180079340934753e-02
2.208141423761844635e-02 3.146065026521682739e-02
4.416277632117271423e-02 2.597945556044578552e-02
6.624414026737213135e-02 2.213208377361297607e-02
8.832544833421707153e-02 1.937197148799896240e-02
1.104067564010620117e-01 1.722756028175354004e-02
1.324881166219711304e-01 1.538734138011932373e-02
1.545694768428802490e-01 1.379917562007904053e-02
1.766507923603057861e-01 1.234848797321319580e-02
1.987320929765701294e-01 1.098152995109558105e-02
2.208134680986404419e-01 9.658947587013244629e-03
2.428948283195495605e-01 8.356034755706787109e-03
2.649761438369750977e-01 7.068544626235961914e-03
2.870574295520782471e-01 5.785882472991943359e-03
3.091388046741485596e-01 4.522711038589477539e-03
3.312201797962188721e-01 3.278046846389770508e-03
3.533014655113220215e-01 2.045959234237670898e-03
3.753827810287475586e-01 8.276104927062988281e-04
3.974641561508178711e-01 -3.869533538818359375e-04
4.195455014705657959e-01 -1.597106456756591797e-03
4.416268169879913330e-01 -2.800881862640380859e-03
4.637081325054168701e-01 -4.003614187240600586e-03
4.857894480228424072e-01 -5.205601453781127930e-03
5.078708529472351074e-01 -6.401658058166503906e-03
5.299521684646606445e-01 -7.594108581542968750e-03
5.520334839820861816e-01 -8.785784244537353516e-03
5.741148591041564941e-01 -9.976565837860107422e-03
5.961961746215820312e-01 -1.116734743118286133e-02
6.182774901390075684e-01 -1.235818862915039062e-02
6.403588056564331055e-01 -1.354843378067016602e-02
6.624401211738586426e-01 -1.473766565322875977e-02
6.845215559005737305e-01 -1.592582464218139648e-02
7.066028714179992676e-01 -1.711177825927734375e-02
7.286841273307800293e-01 -1.829761266708374023e-02
7.507655620574951172e-01 -1.948100328445434570e-02
7.728468775749206543e-01 -2.066087722778320312e-02
7.949281930923461914e-01 -2.183711528778076172e-02
8.170095086097717285e-01 -2.301341295242309570e-02
8.390908241271972656e-01 -2.418673038482666016e-02
8.611721992492675781e-01 -2.535945177078247070e-02
8.832535147666931152e-01 -2.653205394744873047e-02
9.053348302841186523e-01 -2.770471572875976562e-02
9.274162650108337402e-01 -2.887666225433349609e-02
9.494975805282592773e-01 -3.004842996597290039e-02
9.715788960456848145e-01 -3.122013807296752930e-02
9.936602115631103516e-01 -3.239196538925170898e-02
1.015741467475891113e+00 -3.356349468231201172e-02
1.037822961807250977e+00 -3.473508358001708984e-02
1.059904217720031738e+00 -3.590452671051025391e-02
1.081985473632812500e+00 -3.707373142242431641e-02
1.104066967964172363e+00 -3.824293613433837891e-02
1.126148223876953125e+00 -3.941202163696289062e-02
1.148229598999023438e+00 -4.058122634887695312e-02
1.170310854911804199e+00 -4.175031185150146484e-02
1.192392230033874512e+00 -4.291963577270507812e-02
1.214473605155944824e+00 -4.408872127532958984e-02
1.236554861068725586e+00 -4.525768756866455078e-02
1.258636236190795898e+00 -4.642701148986816406e-02
1.280717611312866211e+00 -4.759621620178222656e-02
1.302798986434936523e+00 -4.876542091369628906e-02
1.324880242347717285e+00 -4.993450641632080078e-02
