-4.416266083717346191e-01 4.471286237239837646e-01
-4.195452630519866943e-01 4.250808060169219971e-01
-3.974639475345611572e-01 4.030417203903198242e-01
-3.753826022148132324e-01 3.810026049613952637e-01
-3.533012568950653076e-01 3.589695096015930176e-01
-3.312199413776397705e-01 3.369534015655517578e-01
-3.091385960578918457e-01 3.149603605270385742e-01
-2.870572507381439209e-01 2.930197715759277344e-01
-2.649759352207183838e-01 2.711363136768341064e-01
-2.428945899009704590e-01 2.492840290069580078e-01
-2.208132445812225342e-01 2.275051921606063843e-01
-1.987319141626358032e-01 2.058452069759368896e-01
-1.766505837440490723e-01 1.843578219413757324e-01
-1.545692384243011475e-01 1.630263030529022217e-01
-1.324879080057144165e-01 1.419593691825866699e-01
-1.104065701365470886e-01 1.213096380233764648e-01
-8.832523971796035767e-02 1.015456840395927429e-01
-6.624390184879302979e-02 8.264780789613723755e-02
-4.416256770491600037e-02 6.496044993400573730e-02
-2.208122983574867249e-02 4.910750687122344971e-02
1.052919884614311741e-07 3.640431910753250122e-02
2.208141423761844635e-02 2.701366133987903595e-02
4.416277632117271423e-02 2.015371248126029968e-02
6.624414026737213135e-02 1.479190587997436523e-02
8.832544833421707153e-02 1.042705029249191284e-02
1.104067564010620117e-01 6.626762449741363525e-03
1.324881166219711304e-01 3.105401992797851562e-03
1.545694768428802490e-01 -1.848638057708740234e-04
1.766507923603057861e-01 -3.349050879478454590e-03
1.987320929765701294e-01 -6.436452269554138184e-03
2.208134680986404419e-01 -9.483158588409423828e-03
2.428948283195495605e-01 -1.251187920570373535e-02
2.649761438369750977e-01 -1.552641391754150391e-02
2.870574295520782471e-01 -1.853653788566589355e-02
3.091388046741485596e-01 -2.152878046035766602e-02
3.312201797962188721e-01 -2.450403571128845215e-02
3.533014655113220215e-01 -2.746778726577758789e-02
3.753827810287475586e-01 -3.041893243789672852e-02
3.974641561508178711e-01 -3.336662054061889648e-02
4.195455014705657959e-01 -3.631025552749633789e-02
4.416268169879913330e-01 -3.924804925918579102e-02
4.637081325054168701e-01 -4.218482971191406250e-02
4.857894480228424072e-01 -4.512098431587219238e-02
5.078708529472351074e-01 -4.805168509483337402e-02
5.299521684646606445e-01 -5.097901821136474609e-02
5.520334839820861816e-01 -5.390578508377075195e-02
5.741148591041564941e-01 -5.683165788650512695e-02
5.961961746215820312e-01 -5.975747108459472656e-02
6.182774901390075684e-01 -6.268346309661865234e-02
6.403588056564331055e-01 -6.560879945755004883e-02
6.624401211738586426e-01 -6.853330135345458984e-02
6.845215559005737305e-01 -7.145673036575317383e-02
7.066028714179992676e-01 -7.437819242477416992e-02
7.286841273307800293e-01 -7.729947566986083984e-02
7.507655620574951172e-01 -8.021861314773559570e-02
7.728468775749206543e-01 -8.313447237014770508e-02
7.949281930923461914e-01 -8.604705333709716797e-02
8.170095086097717285e-01 -8.895963430404663086e-02
8.390908241271972656e-01 -9.186947345733642578e-02
8.611721992492675781e-01 -9.477871656417846680e-02
8.832535147666931152e-01 -9.768801927566528320e-02
9.053348302841186523e-01 -1.005972027778625488e-01
9.274162650108337402e-01 -1.035057902336120605e-01
9.494975805282592773e-01 -1.064141988754272461e-01
9.715788960456848145e-01 -1.093226671218872070e-01
9.936602115631103516e-01 -1.122310161590576172e-01
1.015741467475891113e+00 -1.151393055915832520e-01
1.037822961807250977e+00 -1.180475354194641113e-01
1.059904217720031738e+00 -1.209538578987121582e-01
1.081985473632812500e+00 -1.238598823547363281e-01
1.104066967964172363e+00 -1.267660260200500488e-01
1.126148223876953125e+00 -1.296719908714294434e-01
1.148229598999023438e+00 -1.325780153274536133e-01
1.170310854911804199e+00 -1.354840993881225586e-01
1.192392230033874512e+00 -1.383903026580810547e-01
1.214473605155944824e+00 -1.412961483001708984e-01
1.236554861068725586e+00 -1.442022323608398438e-01
1.258636236190795898e+00 -1.471083164215087891e-01
1.280717611312866211e+00 -1.500144004821777344e-01
1.302798986434936523e+00 -1.529204845428466797e-01
1.324880242347717285e+00 -1.558264493942260742e-01
