-4.416266083717346191e-01 5.871699657291173935e-03
-4.195452630519866943e-01 5.907503888010978699e-03
-3.974639475345611572e-01 5.952560342848300934e-03
-3.753826022148132324e-01 5.997616797685623169e-03
-3.533012568950653076e-01 6.049117539077997208e-03
-3.312199413776397705e-01 6.118703167885541916e-03
-3.091385960578918457e-01 6.212951615452766418e-03
-2.870572507381439209e-01 6.363143678754568100e-03
-2.649759352207183838e-01 6.574307568371295929e-03
-2.428945899009704590e-01 6.818768568336963654e-03
-2.208132445812225342e-01 7.141600362956523895e-03
-1.987319141626358032e-01 7.591248024255037308e-03
-1.766505837440490723e-01 8.225116878747940063e-03
-1.545692384243011475e-01 9.025316685438156128e-03
-1.324879080057144165e-01 1.010787766426801682e-02
-1.104065701365470886e-01 1.163567602634429932e-02
-8.832523971796035767e-02 1.410876493901014328e-02
-6.624390184879302979e-02 1.750613190233707428e-02
-4.416256770491600037e-02 2.219534851610660553e-02
-2.208122983574867249e-02 2.884225361049175262e-02
1.052919884614311741e-07 3.885054215788841248e-02
2.208141423761844635e-02 5.239390954375267029e-02
4.416277632117271423e-02 6.863810122013092041e-02
6.624414026737213135e-02 8.648108690977096558e-02
8.832544833421707153e-02 1.053879633545875549e-01
1.104067564010620117e-01 1.248973309993743896e-01
1.324881166219711304e-01 1.447044312953948975e-01
1.545694768428802490e-01 1.647581458091735840e-01
1.766507923603057861e-01 1.849463731050491333e-01
1.987320929765701294e-01 2.052165269851684570e-01
2.208134680986404419e-01 2.255301773548126221e-01
2.428948283195495605e-01 2.458630353212356567e-01
2.649761438369750977e-01 2.662110030651092529e-01
2.870574295520782471e-01 2.865636050701141357e-01
3.091388046741485596e-01 3.069353699684143066e-01
3.312201797962188721e-01 3.273252546787261963e-01
3.533014655113220215e-01 3.477273583412170410e-01
3.753827810287475586e-01 3.681429624557495117e-01
3.974641561508178711e-01 3.885622918605804443e-01
4.195455014705657959e-01 4.089859426021575928e-01
4.416268169879913330e-01 4.294157326221466064e-01
4.637081325054168701e-01 4.498466551303863525e-01
4.857894480228424072e-01 4.702782332897186279e-01
5.078708529472351074e-01 4.907157421112060547e-01
5.299521684646606445e-01 5.111566781997680664e-01
5.520334839820861816e-01 5.315982699394226074e-01
5.741148591041564941e-01 5.520409345626831055e-01
5.961961746215820312e-01 5.724834799766540527e-01
6.182774901390075684e-01 5.929260253906250000e-01
6.403588056564331055e-01 6.133689880371093750e-01
6.624401211738586426e-01 6.338131427764892578e-01
6.845215559005737305e-01 6.542583703994750977e-01
7.066028714179992676e-01 6.747056841850280762e-01
7.286841273307800293e-01 6.951529979705810547e-01
7.507655620574951172e-01 7.156028747558593750e-01
7.728468775749206543e-01 7.360561490058898926e-01
7.949281930923461914e-01 7.565128207206726074e-01
8.170095086097717285e-01 7.769696116447448730e-01
8.390908241271972656e-01 7.974293231964111328e-01
8.611721992492675781e-01 8.178896307945251465e-01
8.832535147666931152e-01 8.383499979972839355e-01
9.053348302841186523e-01 8.588101863861083984e-01
9.274162650108337402e-01 8.792713880538940430e-01
9.494975805282592773e-01 8.997325897216796875e-01
9.715788960456848145e-01 9.201937317848205566e-01
9.936602115631103516e-01 9.406549334526062012e-01
1.015741467475891113e+00 9.611161947250366211e-01
1.037822961807250977e+00 9.815778136253356934e-01
1.059904217720031738e+00 1.002041101455688477e+00
1.081985473632812500e+00 1.022504806518554688e+00
1.104066967964172363e+00 1.042968630790710449e+00
1.126148223876953125e+00 1.063432216644287109e+00
1.148229598999023438e+00 1.083895921707153320e+00
1.170310854911804199e+00 1.104359626770019531e+00
1.192392230033874512e+00 1.124823451042175293e+00
1.214473605155944824e+00 1.145287275314331055e+00
1.236554861068725586e+00 1.165750980377197266e+00
1.258636236190795898e+00 1.186214685440063477e+00
1.280717611312866211e+00 1.206678390502929688e+00
1.302798986434936523e+00 1.227142095565795898e+00
1.324880242347717285e+00 1.247605800628662109e+00
