-4.416266083717346191e-01 6.000370252877473831e-03
-4.195452630519866943e-01 6.036960054188966751e-03
-3.974639475345611572e-01 6.083004642277956009e-03
-3.753826022148132324e-01 6.129047367721796036e-03
-3.533012568950653076e-01 6.181676872074604034e-03
-3.312199413776397705e-01 6.252787541598081589e-03
-3.091385960578918457e-01 6.349101196974515915e-03
-2.870572507381439209e-01 6.502584554255008698e-03
-2.649759352207183838e-01 6.718376185745000839e-03
-2.428945899009704590e-01 6.968194153159856796e-03
-2.208132445812225342e-01 7.298100274056196213e-03
-1.987319141626358032e-01 7.757601793855428696e-03
-1.766505837440490723e-01 8.405360393226146698e-03
-1.545692384243011475e-01 9.223096072673797607e-03
-1.324879080057144165e-01 1.032938063144683838e-02
-1.104065701365470886e-01 1.189065910875797272e-02
-8.832523971796035767e-02 1.441794168204069138e-02
-6.624390184879302979e-02 1.788976043462753296e-02
-4.416256770491600037e-02 2.268173359334468842e-02
-2.208122983574867249e-02 2.947429753839969635e-02
1.052919884614311741e-07 3.970190510153770447e-02
2.208141423761844635e-02 5.354206264019012451e-02
4.416277632117271423e-02 7.014223188161849976e-02
6.624414026737213135e-02 8.837622404098510742e-02
8.832544833421707153e-02 1.076974198222160339e-01
1.104067564010620117e-01 1.276343166828155518e-01
1.324881166219711304e-01 1.478754580020904541e-01
1.545694768428802490e-01 1.683686524629592896e-01
1.766507923603057861e-01 1.889992803335189819e-01
1.987320929765701294e-01 2.097136229276657104e-01
2.208134680986404419e-01 2.304724156856536865e-01
2.428948283195495605e-01 2.512508630752563477e-01
2.649761438369750977e-01 2.720446884632110596e-01
2.870574295520782471e-01 2.928433120250701904e-01
3.091388046741485596e-01 3.136615157127380371e-01
3.312201797962188721e-01 3.344982266426086426e-01
3.533014655113220215e-01 3.553474247455596924e-01
3.753827810287475586e-01 3.762103915214538574e-01
3.974641561508178711e-01 3.970772027969360352e-01
4.195455014705657959e-01 4.179483950138092041e-01
4.416268169879913330e-01 4.388259351253509521e-01
4.637081325054168701e-01 4.597045183181762695e-01
4.857894480228424072e-01 4.805838465690612793e-01
5.078708529472351074e-01 5.014691948890686035e-01
5.299521684646606445e-01 5.223580598831176758e-01
5.520334839820861816e-01 5.432476997375488281e-01
5.741148591041564941e-01 5.641382932662963867e-01
5.961961746215820312e-01 5.850288271903991699e-01
6.182774901390075684e-01 6.059193015098571777e-01
6.403588056564331055e-01 6.268103718757629395e-01
6.624401211738586426e-01 6.477024555206298828e-01
6.845215559005737305e-01 6.685957312583923340e-01
7.066028714179992676e-01 6.894910931587219238e-01
7.286841273307800293e-01 7.103865146636962891e-01
7.507655620574951172e-01 7.312845587730407715e-01
7.728468775749206543e-01 7.521860003471374512e-01
7.949281930923461914e-01 7.730910778045654297e-01
8.170095086097717285e-01 7.939960956573486328e-01
8.390908241271972656e-01 8.149040937423706055e-01
8.611721992492675781e-01 8.358127474784851074e-01
8.832535147666931152e-01 8.567214608192443848e-01
9.053348302841186523e-01 8.776301145553588867e-01
9.274162650108337402e-01 8.985396027565002441e-01
9.494975805282592773e-01 9.194491505622863770e-01
9.715788960456848145e-01 9.403587579727172852e-01
9.936602115631103516e-01 9.612682461738586426e-01
1.015741467475891113e+00 9.821779727935791016e-01
1.037822961807250977e+00 1.003087878227233887e+00
1.059904217720031738e+00 1.023999691009521484e+00
1.081985473632812500e+00 1.044911742210388184e+00
1.104066967964172363e+00 1.065824031829833984e+00
1.126148223876953125e+00 1.086736202239990234e+00
1.148229598999023438e+00 1.107648372650146484e+00
1.170310854911804199e+00 1.128560543060302734e+00
1.192392230033874512e+00 1.149472594261169434e+00
1.214473605155944824e+00 1.170384883880615234e+00
1.236554861068725586e+00 1.191297173500061035e+00
1.258636236190795898e+00 1.212209224700927734e+00
1.280717611312866211e+00 1.233121395111083984e+00
1.302798986434936523e+00 1.254033565521240234e+00
1.324880242347717285e+00 1.274945735931396484e+00
