-1.059903860092163086e+00 1.066724181175231934e+00
-1.037822484970092773e+00 1.044581890106201172e+00
-1.015741109848022461e+00 1.022439479827880859e+00
-9.936596751213073730e-01 1.000297069549560547e+00
-9.715782403945922852e-01 9.781560301780700684e-01
-9.494968056678771973e-01 9.560155868530273438e-01
-9.274154305458068848e-01 9.338816404342651367e-01
-9.053339958190917969e-01 9.117520451545715332e-01
-8.832525610923767090e-01 8.896228671073913574e-01
-8.611711859703063965e-01 8.674938082695007324e-01
-8.390897512435913086e-01 8.453670740127563477e-01
-8.170083165168762207e-01 8.232439756393432617e-01
-7.949269413948059082e-01 8.011217117309570312e-01
-7.728455066680908203e-01 7.789994478225708008e-01
-7.507640719413757324e-01 7.568771243095397949e-01
-7.286826968193054199e-01 7.347549200057983398e-01
-7.066012620925903320e-01 7.126411795616149902e-01
-6.845198273658752441e-01 6.905494928359985352e-01
-6.624384522438049316e-01 6.684590578079223633e-01
-6.403570175170898438e-01 6.463699340820312500e-01
-6.182755827903747559e-01 6.242921948432922363e-01
-5.961942076683044434e-01 6.022187471389770508e-01
-5.741127729415893555e-01 5.801472067832946777e-01
-5.520313382148742676e-01 5.580756068229675293e-01
-5.299499630928039551e-01 5.360045433044433594e-01
-5.078685283660888672e-01 5.139365792274475098e-01
-4.857871234416961670e-01 4.918721616268157959e-01
-4.637057185173034668e-01 4.698145091533660889e-01
-4.416242837905883789e-01 4.477606415748596191e-01
-4.195428788661956787e-01 4.257143437862396240e-01
-3.974614739418029785e-01 4.036775529384613037e-01
-3.753800392150878906e-01 3.816407322883605957e-01
-3.532986342906951904e-01 3.596105277538299561e-01
-3.312172293663024902e-01 3.375988900661468506e-01
-3.091357946395874023e-01 3.156124353408813477e-01
-2.870543897151947021e-01 2.936833202838897705e-01
-2.649729847908020020e-01 2.718165814876556396e-01
-2.428915649652481079e-01 2.499838769435882568e-01
-2.208101451396942139e-01 2.282312810420989990e-01
-1.987287253141403198e-01 2.066082209348678589e-01
-1.766473203897476196e-01 1.851732134819030762e-01
-1.545659005641937256e-01 1.639078557491302490e-01
-1.324844807386398315e-01 1.429302692413330078e-01
-1.104030758142471313e-01 1.224060729146003723e-01
-8.832165598869323730e-02 1.028434932231903076e-01
-6.624024361371994019e-02 8.422021567821502686e-02
-4.415882751345634460e-02 6.690818071365356445e-02
-2.207741327583789825e-02 5.158055573701858521e-02
4.001095476269256324e-06 3.965537995100021362e-02
2.208541519939899445e-02 3.130224347114562988e-02
4.416682943701744080e-02 2.567366138100624084e-02
6.624824553728103638e-02 2.165435999631881714e-02
8.832965791225433350e-02 1.870317757129669189e-02
1.104110777378082275e-01 1.635512709617614746e-02
1.324924826622009277e-01 1.430413126945495605e-02
1.545739024877548218e-01 1.249803602695465088e-02
1.766553223133087158e-01 1.082488894462585449e-02
1.987367272377014160e-01 9.232208132743835449e-03
2.208181470632553101e-01 7.682129740715026855e-03
2.428995668888092041e-01 6.151020526885986328e-03
2.649809718132019043e-01 4.634946584701538086e-03
2.870623767375946045e-01 3.123462200164794922e-03
3.091438114643096924e-01 1.630753278732299805e-03
3.312252163887023926e-01 1.561641693115234375e-04
3.533066213130950928e-01 -1.306176185607910156e-03
3.753880560398101807e-01 -2.755016088485717773e-03
3.974694609642028809e-01 -4.200160503387451172e-03
4.195508658885955811e-01 -5.640804767608642578e-03
4.416323006153106689e-01 -7.074981927871704102e-03
4.637137055397033691e-01 -8.508056402206420898e-03
4.857951104640960693e-01 -9.940445423126220703e-03
5.078765153884887695e-01 -1.136699318885803223e-02
5.299579501152038574e-01 -1.278984546661376953e-02
5.520393848419189453e-01 -1.421207189559936523e-02
5.741207599639892578e-01 -1.563328504562377930e-02
5.962021946907043457e-01 -1.705455780029296875e-02
6.182836294174194336e-01 -1.847583055496215820e-02
6.403650045394897461e-01 -1.989650726318359375e-02
6.624464392662048340e-01 -2.131611108779907227e-02
6.845278739929199219e-01 -2.273476123809814453e-02
7.066092491149902344e-01 -2.415096759796142578e-02
7.286906838417053223e-01 -2.556729316711425781e-02
7.507721185684204102e-01 -2.698093652725219727e-02
7.728534936904907227e-01 -2.839088439941406250e-02
7.949349284172058105e-01 -2.979719638824462891e-02
8.170163631439208984e-01 -3.120350837707519531e-02
8.390977382659912109e-01 -3.260678052902221680e-02
8.611791729927062988e-01 -3.400939702987670898e-02
8.832606077194213867e-01 -3.541201353073120117e-02
9.053419828414916992e-01 -3.681451082229614258e-02
9.274234175682067871e-01 -3.821623325347900391e-02
9.495048522949218750e-01 -3.961801528930664062e-02
9.715862274169921875e-01 -4.101961851119995117e-02
9.936676621437072754e-01 -4.242128133773803711e-02
1.015749096870422363e+00 -4.382294416427612305e-02
1.037830471992492676e+00 -4.522413015365600586e-02
1.059911847114562988e+00 -4.662346839904785156e-02
