-1.059903860092163086e+00 8.217837810516357422e-01
-1.037822484970092773e+00 8.047199845314025879e-01
-1.015741109848022461e+00 7.876561880111694336e-01
-9.936596751213073730e-01 7.705923318862915039e-01
-9.715782403945922852e-01 7.535297870635986328e-01
-9.494968056678771973e-01 7.364678382873535156e-01
-9.274154305458068848e-01 7.194122076034545898e-01
-9.053339958190917969e-01 7.023608088493347168e-01
-8.832525610923767090e-01 6.853098273277282715e-01
-8.611711859703063965e-01 6.682589054107666016e-01
-8.390897512435913086e-01 6.512103080749511719e-01
-8.170083165168762207e-01 6.341652870178222656e-01
-7.949269413948059082e-01 6.171211004257202148e-01
-7.728455066680908203e-01 6.000767350196838379e-01
-7.507640719413757324e-01 5.830324292182922363e-01
-7.286826968193054199e-01 5.659880638122558594e-01
-7.066012620925903320e-01 5.489519238471984863e-01
-6.845198273658752441e-01 5.319373011589050293e-01
-6.624384522438049316e-01 5.149238109588623047e-01
-6.403570175170898438e-01 4.979116320610046387e-01
-6.182755827903747559e-01 4.809105992317199707e-01
-5.961942076683044434e-01 4.639136791229248047e-01
-5.741127729415893555e-01 4.469184279441833496e-01
-5.520313382148742676e-01 4.299229681491851807e-01
-5.299499630928039551e-01 4.129279553890228271e-01
-5.078685283660888672e-01 3.959359526634216309e-01
-4.857871234416961670e-01 3.789474368095397949e-01
-4.637057185173034668e-01 3.619653284549713135e-01
-4.416242837905883789e-01 3.449867665767669678e-01
-4.195428788661956787e-01 3.280156254768371582e-01
-3.974614739418029785e-01 3.110536336898803711e-01
-3.753800392150878906e-01 2.940914034843444824e-01
-3.532986342906951904e-01 2.771348953247070312e-01
-3.312172293663024902e-01 2.601962685585021973e-01
-3.091357946395874023e-01 2.432801574468612671e-01
-2.870543897151947021e-01 2.264124155044555664e-01
-2.649729847908020020e-01 2.095981836318969727e-01
-2.428915649652481079e-01 1.928103715181350708e-01
-2.208101451396942139e-01 1.760938763618469238e-01
-1.987287253141403198e-01 1.594927757978439331e-01
-1.766473203897476196e-01 1.430594772100448608e-01
-1.545659005641937256e-01 1.267744302749633789e-01
-1.324844807386398315e-01 1.107298880815505981e-01
-1.104030758142471313e-01 9.504524618387222290e-02
-8.832165598869323730e-02 8.020085096359252930e-02
-6.624024361371994019e-02 6.610492616891860962e-02
-4.415882751345634460e-02 5.304370075464248657e-02
-2.207741327583789825e-02 4.122351109981536865e-02
4.001095476269256324e-06 3.204033151268959045e-02
2.208541519939899445e-02 2.553527615964412689e-02
4.416682943701744080e-02 2.086837217211723328e-02
6.624824553728103638e-02 1.734116673469543457e-02
8.832965791225433350e-02 1.455216109752655029e-02
1.104110777378082275e-01 1.212047040462493896e-02
1.324924826622009277e-01 9.846687316894531250e-03
1.545739024877548218e-01 7.720515131950378418e-03
1.766553223133087158e-01 5.679041147232055664e-03
1.987367272377014160e-01 3.652736544609069824e-03
2.208181470632553101e-01 1.645550131797790527e-03
2.428995668888092041e-01 -3.522038459777832031e-04
2.649809718132019043e-01 -2.340346574783325195e-03
2.870623767375946045e-01 -4.325389862060546875e-03
3.091438114643096924e-01 -6.295144557952880859e-03
3.312252163887023926e-01 -8.251637220382690430e-03
3.533066213130950928e-01 -1.020035147666931152e-02
3.753880560398101807e-01 -1.213940978050231934e-02
3.974694609642028809e-01 -1.407629251480102539e-02
4.195508658885955811e-01 -1.601052284240722656e-02
4.416323006153106689e-01 -1.794198155403137207e-02
4.637137055397033691e-01 -1.987260580062866211e-02
4.857951104640960693e-01 -2.180263400077819824e-02
5.078765153884887695e-01 -2.372857928276062012e-02
5.299579501152038574e-01 -2.565175294876098633e-02
5.520393848419189453e-01 -2.757459878921508789e-02
5.741207599639892578e-01 -2.949678897857666016e-02
5.962021946907043457e-01 -3.141909837722778320e-02
6.182836294174194336e-01 -3.334146738052368164e-02
6.403650045394897461e-01 -3.526329994201660156e-02
6.624464392662048340e-01 -3.718447685241699219e-02
6.845278739929199219e-01 -3.910481929779052734e-02
7.066092491149902344e-01 -4.102361202239990234e-02
7.286906838417053223e-01 -4.294246435165405273e-02
7.507721185684204102e-01 -4.485952854156494141e-02
7.728534936904907227e-01 -4.677402973175048828e-02
7.949349284172058105e-01 -4.868608713150024414e-02
8.170163631439208984e-01 -5.059820413589477539e-02
8.390977382659912109e-01 -5.250805616378784180e-02
8.611791729927062988e-01 -5.441743135452270508e-02
8.832606077194213867e-01 -5.632692575454711914e-02
9.053419828414916992e-01 -5.823624134063720703e-02
9.274234175682067871e-01 -6.014508008956909180e-02
9.495048522949218750e-01 -6.205385923385620117e-02
9.715862274169921875e-01 -6.396251916885375977e-02
9.936676621437072754e-01 -6.587129831314086914e-02
1.015749096870422363e+00 -6.778007745742797852e-02
1.037830471992492676e+00 -6.968855857849121094e-02
1.059911847114562988e+00 -7.159543037414550781e-02
