-1.059903860092163086e+00 1.066880941390991211e+00
-1.037822484970092773e+00 1.044736266136169434e+00
-1.015741109848022461e+00 1.022591710090637207e+00
-9.936596751213073730e-01 1.000447034835815430e+00
-9.715782403945922852e-01 9.783036708831787109e-01
-9.494968056678771973e-01 9.561609625816345215e-01
-9.274154305458068848e-01 9.340246319770812988e-01
-9.053339958190917969e-01 9.118925929069519043e-01
-8.832525610923767090e-01 8.897610306739807129e-01
-8.611711859703063965e-01 8.676294684410095215e-01
-8.390897512435913086e-01 8.455002903938293457e-01
-8.170083165168762207e-01 8.233746886253356934e-01
-7.949269413948059082e-01 8.012498617172241211e-01
-7.728455066680908203e-01 7.791250348091125488e-01
-7.507640719413757324e-01 7.570002079010009766e-01
-7.286826968193054199e-01 7.348754405975341797e-01
-7.066012620925903320e-01 7.127590179443359375e-01
-6.845198273658752441e-01 6.906642913818359375e-01
-6.624384522438049316e-01 6.685707569122314453e-01
-6.403570175170898438e-01 6.464785933494567871e-01
-6.182755827903747559e-01 6.243975162506103516e-01
-5.961942076683044434e-01 6.023207306861877441e-01
-5.741127729415893555e-01 5.802457332611083984e-01
-5.520313382148742676e-01 5.581707358360290527e-01
-5.299499630928039551e-01 5.360962748527526855e-01
-5.078685283660888672e-01 5.140248537063598633e-01
-4.857871234416961670e-01 4.919568300247192383e-01
-4.637057185173034668e-01 4.698954820632934570e-01
-4.416242837905883789e-01 4.478378295898437500e-01
-4.195428788661956787e-01 4.257875978946685791e-01
-3.974614739418029785e-01 4.037466049194335938e-01
-3.753800392150878906e-01 3.817056119441986084e-01
-3.532986342906951904e-01 3.596710860729217529e-01
-3.312172293663024902e-01 3.376546204090118408e-01
-3.091357946395874023e-01 3.156627118587493896e-01
-2.870543897151947021e-01 2.937265336513519287e-01
-2.649729847908020020e-01 2.718510031700134277e-01
-2.428915649652481079e-01 2.500085234642028809e-01
-2.208101451396942139e-01 2.282436490058898926e-01
-1.987287253141403198e-01 2.066042572259902954e-01
-1.766473203897476196e-01 1.851466894149780273e-01
-1.545659005641937256e-01 1.638529449701309204e-01
-1.324844807386398315e-01 1.428365856409072876e-01
-1.104030758142471313e-01 1.222564205527305603e-01
-8.832165598869323730e-02 1.025996580719947815e-01
-6.624024361371994019e-02 8.384314924478530884e-02
-4.415882751345634460e-02 6.633995473384857178e-02
-2.207741327583789825e-02 5.072840303182601929e-02
4.001095476269256324e-06 3.835080936551094055e-02
2.208541519939899445e-02 2.935622446238994598e-02
4.416682943701744080e-02 2.293412014842033386e-02
6.624824553728103638e-02 1.802423596382141113e-02
8.832965791225433350e-02 1.411226391792297363e-02
1.104110777378082275e-01 1.076066493988037109e-02
1.324924826622009277e-01 7.683023810386657715e-03
1.545739024877548218e-01 4.828885197639465332e-03
1.766553223133087158e-01 2.094760537147521973e-03
1.987367272377014160e-01 -5.677342414855957031e-04
2.208181470632553101e-01 -3.192394971847534180e-03
2.428995668888092041e-01 -5.799904465675354004e-03
2.649809718132019043e-01 -8.393883705139160156e-03
2.870623767375946045e-01 -1.098361611366271973e-02
3.091438114643096924e-01 -1.355651021003723145e-02
3.312252163887023926e-01 -1.611289381980895996e-02
3.533066213130950928e-01 -1.865771412849426270e-02
3.753880560398101807e-01 -2.119013667106628418e-02
3.974694609642028809e-01 -2.371895313262939453e-02
4.195508658885955811e-01 -2.624344825744628906e-02
4.416323006153106689e-01 -2.876138687133789062e-02
4.637137055397033691e-01 -3.127825260162353516e-02
4.857951104640960693e-01 -3.379449248313903809e-02
5.078765153884887695e-01 -3.630506992340087891e-02
5.299579501152038574e-01 -3.881230950355529785e-02
5.520393848419189453e-01 -4.131871461868286133e-02
5.741207599639892578e-01 -4.382419586181640625e-02
5.962021946907043457e-01 -4.632973670959472656e-02
6.182836294174194336e-01 -4.883521795272827148e-02
6.403650045394897461e-01 -5.134016275405883789e-02
6.624464392662048340e-01 -5.384403467178344727e-02
6.845278739929199219e-01 -5.634689331054687500e-02
7.066092491149902344e-01 -5.884748697280883789e-02
7.286906838417053223e-01 -6.134796142578125000e-02
7.507721185684204102e-01 -6.384575366973876953e-02
7.728534936904907227e-01 -6.633985042572021484e-02
7.949349284172058105e-01 -6.883013248443603516e-02
8.170163631439208984e-01 -7.132029533386230469e-02
8.390977382659912109e-01 -7.380735874176025391e-02
8.611791729927062988e-01 -7.629382610321044922e-02
8.832606077194213867e-01 -7.878023386001586914e-02
9.053419828414916992e-01 -8.126658201217651367e-02
9.274234175682067871e-01 -8.375215530395507812e-02
9.495048522949218750e-01 -8.623754978179931641e-02
9.715862274169921875e-01 -8.872300386428833008e-02
9.936676621437072754e-01 -9.120833873748779297e-02
1.015749096870422363e+00 -9.369379281997680664e-02
1.037830471992492676e+00 -9.617871046066284180e-02
1.059911847114562988e+00 -9.866189956665039062e-02
