-1.059903860092163086e+00 8.353052735328674316e-01
-1.037822484970092773e+00 8.179585933685302734e-01
-1.015741109848022461e+00 8.006119728088378906e-01
-9.936596751213073730e-01 7.832652330398559570e-01
-9.715782403945922852e-01 7.659199237823486328e-01
-9.494968056678771973e-01 7.485750913619995117e-01
-9.274154305458068848e-01 7.312365770339965820e-01
-9.053339958190917969e-01 7.139022350311279297e-01
-8.832525610923767090e-01 6.965683698654174805e-01
-8.611711859703063965e-01 6.792345643043518066e-01
-8.390897512435913086e-01 6.619030237197875977e-01
-8.170083165168762207e-01 6.445750594139099121e-01
-7.949269413948059082e-01 6.272478699684143066e-01
-7.728455066680908203e-01 6.099206209182739258e-01
-7.507640719413757324e-01 5.925933718681335449e-01
-7.286826968193054199e-01 5.752660632133483887e-01
-7.066012620925903320e-01 5.579469799995422363e-01
-6.845198273658752441e-01 5.406492352485656738e-01
-6.624384522438049316e-01 5.233526825904846191e-01
-6.403570175170898438e-01 5.060574412345886230e-01
-6.182755827903747559e-01 4.887732863426208496e-01
-5.961942076683044434e-01 4.714932441711425781e-01
-5.741127729415893555e-01 4.542148411273956299e-01
-5.520313382148742676e-01 4.369362890720367432e-01
-5.299499630928039551e-01 4.196581542491912842e-01
-5.078685283660888672e-01 4.023830294609069824e-01
-4.857871234416961670e-01 3.851113319396972656e-01
-4.637057185173034668e-01 3.678460717201232910e-01
-4.416242837905883789e-01 3.505843877792358398e-01
-4.195428788661956787e-01 3.333300352096557617e-01
-3.974614739418029785e-01 3.160848319530487061e-01
-3.753800392150878906e-01 2.988393902778625488e-01
-3.532986342906951904e-01 2.815997302532196045e-01
-3.312172293663024902e-01 2.643778920173645020e-01
-3.091357946395874023e-01 2.471786141395568848e-01
-2.870543897151947021e-01 2.300280481576919556e-01
-2.649729847908020020e-01 2.129313051700592041e-01
-2.428915649652481079e-01 1.958613395690917969e-01
-2.208101451396942139e-01 1.788629144430160522e-01
-1.987287253141403198e-01 1.619803160429000854e-01
-1.766473203897476196e-01 1.452661156654357910e-01
-1.545659005641937256e-01 1.287009418010711670e-01
-1.324844807386398315e-01 1.123783513903617859e-01
-1.104030758142471313e-01 9.642021358013153076e-02
-8.832165598869323730e-02 8.130725473165512085e-02
-6.624024361371994019e-02 6.695234775543212891e-02
-4.415882751345634460e-02 5.364622175693511963e-02
-2.207741327583789825e-02 4.162143170833587646e-02
4.001095476269256324e-06 3.226995095610618591e-02
2.208541519939899445e-02 2.563783712685108185e-02
4.416682943701744080e-02 2.088493481278419495e-02
6.624824553728103638e-02 1.729198545217514038e-02
8.832965791225433350e-02 1.445087045431137085e-02
1.104110777378082275e-01 1.197727769613265991e-02
1.324924826622009277e-01 9.667128324508666992e-03
1.545739024877548218e-01 7.508173584938049316e-03
1.766553223133087158e-01 5.435585975646972656e-03
1.987367272377014160e-01 3.380551934242248535e-03
2.208181470632553101e-01 1.345440745353698730e-03
2.428995668888092041e-01 -6.798952817916870117e-04
2.649809718132019043e-01 -2.695471048355102539e-03
2.870623767375946045e-01 -4.707843065261840820e-03
3.091438114643096924e-01 -6.704837083816528320e-03
3.312252163887023926e-01 -8.688420057296752930e-03
3.533066213130950928e-01 -1.066407561302185059e-02
3.753880560398101807e-01 -1.262989640235900879e-02
3.974694609642028809e-01 -1.459345221519470215e-02
4.195508658885955811e-01 -1.655435562133789062e-02
4.416323006153106689e-01 -1.851227879524230957e-02
4.637137055397033691e-01 -2.046945691108703613e-02
4.857951104640960693e-01 -2.242591977119445801e-02
5.078765153884887695e-01 -2.437824010848999023e-02
5.299579501152038574e-01 -2.632790803909301758e-02
5.520393848419189453e-01 -2.827703952789306641e-02
5.741207599639892578e-01 -3.022569417953491211e-02
5.962021946907043457e-01 -3.217440843582153320e-02
6.182836294174194336e-01 -3.412306308746337891e-02
6.403650045394897461e-01 -3.607130050659179688e-02
6.624464392662048340e-01 -3.801870346069335938e-02
6.845278739929199219e-01 -3.996551036834716797e-02
7.066092491149902344e-01 -4.191058874130249023e-02
7.286906838417053223e-01 -4.385572671890258789e-02
7.507721185684204102e-01 -4.579907655715942383e-02
7.728534936904907227e-01 -4.773998260498046875e-02
7.949349284172058105e-01 -4.967820644378662109e-02
8.170163631439208984e-01 -5.161654949188232422e-02
8.390977382659912109e-01 -5.355262756347656250e-02
8.611791729927062988e-01 -5.548834800720214844e-02
8.832606077194213867e-01 -5.742406845092773438e-02
9.053419828414916992e-01 -5.935972929000854492e-02
9.274234175682067871e-01 -6.129473447799682617e-02
9.495048522949218750e-01 -6.322973966598510742e-02
9.715862274169921875e-01 -6.516468524932861328e-02
9.936676621437072754e-01 -6.709963083267211914e-02
1.015749096870422363e+00 -6.903463602066040039e-02
1.037830471992492676e+00 -7.096928358078002930e-02
1.059911847114562988e+00 -7.290256023406982422e-02
