-1.059903860092163086e+00 6.820332258939743042e-03
-1.037822484970092773e+00 6.759357638657093048e-03
-1.015741109848022461e+00 6.698382552713155746e-03
-9.936596751213073730e-01 6.637409329414367676e-03
-9.715782403945922852e-01 6.577802821993827820e-03
-9.494968056678771973e-01 6.518783513456583023e-03
-9.274154305458068848e-01 6.466192193329334259e-03
-9.053339958190917969e-01 6.418053526431322098e-03
-8.832525610923767090e-01 6.370327435433864594e-03
-8.611711859703063965e-01 6.322601810097694397e-03
-8.390897512435913086e-01 6.277316715568304062e-03
-8.170083165168762207e-01 6.235662382096052170e-03
-7.949269413948059082e-01 6.194797810167074203e-03
-7.728455066680908203e-01 6.153933238238096237e-03
-7.507640719413757324e-01 6.113068666309118271e-03
-7.286826968193054199e-01 6.072203628718852997e-03
-7.066012620925903320e-01 6.039937958121299744e-03
-6.845198273658752441e-01 6.029680836945772171e-03
-6.624384522438049316e-01 6.020584609359502792e-03
-6.403570175170898438e-01 6.012919358909130096e-03
-6.182755827903747559e-01 6.016628351062536240e-03
-5.961942076683044434e-01 6.024565082043409348e-03
-5.741127729415893555e-01 6.034419406205415726e-03
-5.520313382148742676e-01 6.044273264706134796e-03
-5.299499630928039551e-01 6.054608616977930069e-03
-5.078685283660888672e-01 6.068061105906963348e-03
-4.857871234416961670e-01 6.085029803216457367e-03
-4.637057185173034668e-01 6.108780857175588608e-03
-4.416242837905883789e-01 6.136355455964803696e-03
-4.195428788661956787e-01 6.171472836285829544e-03
-3.974614739418029785e-01 6.216080859303474426e-03
-3.753800392150878906e-01 6.260687950998544693e-03
-3.532986342906951904e-01 6.311902776360511780e-03
-3.312172293663024902e-01 6.381648592650890350e-03
-3.091357946395874023e-01 6.476653739809989929e-03
-2.870543897151947021e-01 6.628936156630516052e-03
-2.649729847908020020e-01 6.843602284789085388e-03
-2.428915649652481079e-01 7.092319428920745850e-03
-2.208101451396942139e-01 7.421139162033796310e-03
-1.987287253141403198e-01 7.879498414695262909e-03
-1.766473203897476196e-01 8.525898680090904236e-03
-1.545659005641937256e-01 9.341960772871971130e-03
-1.324844807386398315e-01 1.044579409062862396e-02
-1.104030758142471313e-01 1.200299523770809174e-02
-8.832165598869323730e-02 1.452183816581964493e-02
-6.624024361371994019e-02 1.797997578978538513e-02
-4.415882751345634460e-02 2.274935320019721985e-02
-2.207741327583789825e-02 2.950314432382583618e-02
4.001095476269256324e-06 3.965938091278076172e-02
2.208541519939899445e-02 5.338765680789947510e-02
4.416682943701744080e-02 6.984049081802368164e-02
6.624824553728103638e-02 8.790260553359985352e-02
8.832965791225433350e-02 1.070328354835510254e-01
1.104110777378082275e-01 1.267662048339843750e-01
1.324924826622009277e-01 1.467966139316558838e-01
1.545739024877548218e-01 1.670719385147094727e-01
1.766553223133087158e-01 1.874802112579345703e-01
1.987367272377014160e-01 2.079689353704452515e-01
2.208181470632553101e-01 2.285002768039703369e-01
2.428995668888092041e-01 2.490505874156951904e-01
2.649809718132019043e-01 2.696159183979034424e-01
2.870623767375946045e-01 2.901858389377593994e-01
3.091438114643096924e-01 3.107745647430419922e-01
3.312252163887023926e-01 3.313813805580139160e-01
3.533066213130950928e-01 3.520004451274871826e-01
3.753880560398101807e-01 3.726330399513244629e-01
3.974694609642028809e-01 3.932693004608154297e-01
4.195508658885955811e-01 4.139100611209869385e-01
4.416323006153106689e-01 4.345573186874389648e-01
4.637137055397033691e-01 4.552056491374969482e-01
4.857951104640960693e-01 4.758546650409698486e-01
5.078765153884887695e-01 4.965095221996307373e-01
5.299579501152038574e-01 5.171681046485900879e-01
5.520393848419189453e-01 5.378273129463195801e-01
5.741207599639892578e-01 5.584874749183654785e-01
5.962021946907043457e-01 5.791476368904113770e-01
6.182836294174194336e-01 5.998077988624572754e-01
6.403650045394897461e-01 6.204684972763061523e-01
6.624464392662048340e-01 6.411303281784057617e-01
6.845278739929199219e-01 6.617931127548217773e-01
7.066092491149902344e-01 6.824582815170288086e-01
7.286906838417053223e-01 7.031233906745910645e-01
7.507721185684204102e-01 7.237911820411682129e-01
7.728534936904907227e-01 7.444626092910766602e-01
7.949349284172058105e-01 7.651377320289611816e-01
8.170163631439208984e-01 7.858128547668457031e-01
8.390977382659912109e-01 8.064909577369689941e-01
8.611791729927062988e-01 8.271697759628295898e-01
8.832606077194213867e-01 8.478485941886901855e-01
9.053419828414916992e-01 8.685274720191955566e-01
9.274234175682067871e-01 8.892071843147277832e-01
9.495048522949218750e-01 9.098868370056152344e-01
9.715862274169921875e-01 9.305666089057922363e-01
9.936676621437072754e-01 9.512463808059692383e-01
1.015749096870422363e+00 9.719261527061462402e-01
1.037830471992492676e+00 9.926063418388366699e-01
1.059911847114562988e+00 1.013288378715515137e+00
