-1.059903860092163086e+00 -2.245986014604568481e-01
-1.037822484970092773e+00 -2.198638916015625000e-01
-1.015741109848022461e+00 -2.151291519403457642e-01
-9.936596751213073730e-01 -2.103944122791290283e-01
-9.715782403945922852e-01 -2.056583464145660400e-01
-9.494968056678771973e-01 -2.009217441082000732e-01
-9.274154305458068848e-01 -1.961788833141326904e-01
-9.053339958190917969e-01 -1.914317458868026733e-01
-8.832525610923767090e-01 -1.866841912269592285e-01
-8.611711859703063965e-01 -1.819366365671157837e-01
-8.390897512435913086e-01 -1.771867275238037109e-01
-8.170083165168762207e-01 -1.724332720041275024e-01
-7.949269413948059082e-01 -1.676790714263916016e-01
-7.728455066680908203e-01 -1.629248708486557007e-01
-7.507640719413757324e-01 -1.581707149744033813e-01
-7.286826968193054199e-01 -1.534166187047958374e-01
-7.066012620925903320e-01 -1.486542820930480957e-01
-6.845198273658752441e-01 -1.438705772161483765e-01
-6.624384522438049316e-01 -1.390857696533203125e-01
-6.403570175170898438e-01 -1.342995613813400269e-01
-6.182755827903747559e-01 -1.295022815465927124e-01
-5.961942076683044434e-01 -1.247009709477424622e-01
-5.741127729415893555e-01 -1.198979243636131287e-01
-5.520313382148742676e-01 -1.150950565934181213e-01
-5.299499630928039551e-01 -1.102918013930320740e-01
-5.078685283660888672e-01 -1.054854989051818848e-01
-4.857871234416961670e-01 -1.006757766008377075e-01
-4.637057185173034668e-01 -9.585963189601898193e-02
-4.416242837905883789e-01 -9.103990346193313599e-02
-4.195428788661956787e-01 -8.621282875537872314e-02
-3.974614739418029785e-01 -8.137664943933486938e-02
-3.753800392150878906e-01 -7.654064148664474487e-02
-3.532986342906951904e-01 -7.169889658689498901e-02
-3.312172293663024902e-01 -6.683933734893798828e-02
-3.091357946395874023e-01 -6.195717677474021912e-02
-2.870543897151947021e-01 -5.702633783221244812e-02
-2.649729847908020020e-01 -5.204167589545249939e-02
-2.428915649652481079e-01 -4.703023284673690796e-02
-2.208101451396942139e-01 -4.194723442196846008e-02
-1.987287253141403198e-01 -3.674841299653053284e-02
-1.766473203897476196e-01 -3.138120472431182861e-02
-1.545659005641937256e-01 -2.586495876312255859e-02
-1.324844807386398315e-01 -2.010613121092319489e-02
-1.104030758142471313e-01 -1.398285850882530212e-02
-8.832165598869323730e-02 -7.014402654021978378e-03
-6.624024361371994019e-02 7.121037924662232399e-04
-4.415882751345634460e-02 9.487394243478775024e-03
-2.207741327583789825e-02 1.954401656985282898e-02
4.001095476269256324e-06 3.227395191788673401e-02
2.208541519939899445e-02 4.772325232625007629e-02
4.416682943701744080e-02 6.505176424980163574e-02
6.624824553728103638e-02 8.354023098945617676e-02
8.832965791225433350e-02 1.027805283665657043e-01
1.104110777378082275e-01 1.223883554339408875e-01
1.324924826622009277e-01 1.421596109867095947e-01
1.545739024877548218e-01 1.620820760726928711e-01
1.766553223133087158e-01 1.820909082889556885e-01
1.987367272377014160e-01 2.021172791719436646e-01
2.208181470632553101e-01 2.221635878086090088e-01
2.428995668888092041e-01 2.422196716070175171e-01
2.649809718132019043e-01 2.622855007648468018e-01
2.870623767375946045e-01 2.823545336723327637e-01
3.091438114643096924e-01 3.024389743804931641e-01
3.312252163887023926e-01 3.225367963314056396e-01
3.533066213130950928e-01 3.426425457000732422e-01
3.753880560398101807e-01 3.627581596374511719e-01
3.974694609642028809e-01 3.828760087490081787e-01
4.195508658885955811e-01 4.029965102672576904e-01
4.416323006153106689e-01 4.231200218200683594e-01
4.637137055397033691e-01 4.432442486286163330e-01
4.857951104640960693e-01 4.633691906929016113e-01
5.078765153884887695e-01 4.834982752799987793e-01
5.299579501152038574e-01 5.036300420761108398e-01
5.520393848419189453e-01 5.237623453140258789e-01
5.741207599639892578e-01 5.438950657844543457e-01
5.962021946907043457e-01 5.640277862548828125e-01
6.182836294174194336e-01 5.841605663299560547e-01
6.403650045394897461e-01 6.042937040328979492e-01
6.624464392662048340e-01 6.244277358055114746e-01
6.845278739929199219e-01 6.445623636245727539e-01
7.066092491149902344e-01 6.646986603736877441e-01
7.286906838417053223e-01 6.848349571228027344e-01
7.507721185684204102e-01 7.049730420112609863e-01
7.728534936904907227e-01 7.251135110855102539e-01
7.949349284172058105e-01 7.452567219734191895e-01
8.170163631439208984e-01 7.653998136520385742e-01
8.390977382659912109e-01 7.855451107025146484e-01
8.611791729927062988e-01 8.056908249855041504e-01
8.832606077194213867e-01 8.258365392684936523e-01
9.053419828414916992e-01 8.459822535514831543e-01
9.274234175682067871e-01 8.661286830902099609e-01
9.495048522949218750e-01 8.862751126289367676e-01
9.715862274169921875e-01 9.064215421676635742e-01
9.936676621437072754e-01 9.265680313110351562e-01
1.015749096870422363e+00 9.467144608497619629e-01
1.037830471992492676e+00 9.668611884117126465e-01
1.059911847114562988e+00 9.870092868804931641e-01
