-1.059903860092163086e+00 -2.381200939416885376e-01
-1.037822484970092773e+00 -2.331025153398513794e-01
-1.015741109848022461e+00 -2.280849218368530273e-01
-9.936596751213073730e-01 -2.230673432350158691e-01
-9.715782403945922852e-01 -2.180484384298324585e-01
-9.494968056678771973e-01 -2.130289822816848755e-01
-9.274154305458068848e-01 -2.080032378435134888e-01
-9.053339958190917969e-01 -2.029731869697570801e-01
-8.832525610923767090e-01 -1.979427188634872437e-01
-8.611711859703063965e-01 -1.929122507572174072e-01
-8.390897512435913086e-01 -1.878794133663177490e-01
-8.170083165168762207e-01 -1.828430145978927612e-01
-7.949269413948059082e-01 -1.778058707714080811e-01
-7.728455066680908203e-01 -1.727687567472457886e-01
-7.507640719413757324e-01 -1.677316427230834961e-01
-7.286826968193054199e-01 -1.626946032047271729e-01
-7.066012620925903320e-01 -1.576493233442306519e-01
-6.845198273658752441e-01 -1.525825262069702148e-01
-6.624384522438049316e-01 -1.475146710872650146e-01
-6.403570175170898438e-01 -1.424453854560852051e-01
-6.182755827903747559e-01 -1.373649835586547852e-01
-5.961942076683044434e-01 -1.322805434465408325e-01
-5.741127729415893555e-01 -1.271943598985671997e-01
-5.520313382148742676e-01 -1.221083700656890869e-01
-5.299499630928039551e-01 -1.170220151543617249e-01
-5.078685283660888672e-01 -1.119325682520866394e-01
-4.857871234416961670e-01 -1.068396940827369690e-01
-4.637057185173034668e-01 -1.017403975129127502e-01
-4.416242837905883789e-01 -9.663750976324081421e-02
-4.195428788661956787e-01 -9.152724593877792358e-02
-3.974614739418029785e-01 -8.640785515308380127e-02
-3.753800392150878906e-01 -8.128865063190460205e-02
-3.532986342906951904e-01 -7.616372406482696533e-02
-3.312172293663024902e-01 -7.102095335721969604e-02
-3.091357946395874023e-01 -6.585563719272613525e-02
-2.870543897151947021e-01 -6.064197421073913574e-02
-2.649729847908020020e-01 -5.537479370832443237e-02
-2.428915649652481079e-01 -5.008119344711303711e-02
-2.208101451396942139e-01 -4.471627622842788696e-02
-1.987287253141403198e-01 -3.923595324158668518e-02
-1.766473203897476196e-01 -3.358784690499305725e-02
-1.545659005641937256e-01 -2.779147773981094360e-02
-1.324844807386398315e-01 -2.175459451973438263e-02
-1.104030758142471313e-01 -1.535782683640718460e-02
-8.832165598869323730e-02 -8.120802231132984161e-03
-6.624024361371994019e-02 -1.353172701783478260e-04
-4.415882751345634460e-02 8.884872309863567352e-03
-2.207741327583789825e-02 1.914609968662261963e-02
4.001095476269256324e-06 3.204433247447013855e-02
2.208541519939899445e-02 4.762069135904312134e-02
4.416682943701744080e-02 6.503520160913467407e-02
6.624824553728103638e-02 8.358941227197647095e-02
8.832965791225433350e-02 1.028818190097808838e-01
1.104110777378082275e-01 1.225315481424331665e-01
1.324924826622009277e-01 1.423391699790954590e-01
1.545739024877548218e-01 1.622944176197052002e-01
1.766553223133087158e-01 1.823343634605407715e-01
1.987367272377014160e-01 2.023894637823104858e-01
2.208181470632553101e-01 2.224636971950531006e-01
2.428995668888092041e-01 2.425473630428314209e-01
2.649809718132019043e-01 2.626406252384185791e-01
2.870623767375946045e-01 2.827369868755340576e-01
3.091438114643096924e-01 3.028486669063568115e-01
3.312252163887023926e-01 3.229735791683197021e-01
3.533066213130950928e-01 3.431062698364257812e-01
3.753880560398101807e-01 3.632486462593078613e-01
3.974694609642028809e-01 3.833931684494018555e-01
4.195508658885955811e-01 4.035403430461883545e-01
4.416323006153106689e-01 4.236903190612792969e-01
4.637137055397033691e-01 4.438410997390747070e-01
4.857951104640960693e-01 4.639924764633178711e-01
5.078765153884887695e-01 4.841479361057281494e-01
5.299579501152038574e-01 5.043061971664428711e-01
5.520393848419189453e-01 5.244647860527038574e-01
5.741207599639892578e-01 5.446239709854125977e-01
5.962021946907043457e-01 5.647830963134765625e-01
6.182836294174194336e-01 5.849421620368957520e-01
6.403650045394897461e-01 6.051017045974731445e-01
6.624464392662048340e-01 6.252619624137878418e-01
6.845278739929199219e-01 6.454230546951293945e-01
7.066092491149902344e-01 6.655856370925903320e-01
7.286906838417053223e-01 6.857482194900512695e-01
7.507721185684204102e-01 7.059125900268554688e-01
7.728534936904907227e-01 7.260794639587402344e-01
7.949349284172058105e-01 7.462488412857055664e-01
8.170163631439208984e-01 7.664181590080261230e-01
8.390977382659912109e-01 7.865896821022033691e-01
8.611791729927062988e-01 8.067617416381835938e-01
8.832606077194213867e-01 8.269336819648742676e-01
9.053419828414916992e-01 8.471057415008544922e-01
9.274234175682067871e-01 8.672783374786376953e-01
9.495048522949218750e-01 8.874509930610656738e-01
9.715862274169921875e-01 9.076237082481384277e-01
9.936676621437072754e-01 9.277963638305664062e-01
1.015749096870422363e+00 9.479690194129943848e-01
1.037830471992492676e+00 9.681419134140014648e-01
1.059911847114562988e+00 9.883164167404174805e-01
