-1.059903860092163086e+00 6.977039389312267303e-03
-1.037822484970092773e+00 6.913806777447462082e-03
-1.015741109848022461e+00 6.850572302937507629e-03
-9.936596751213073730e-01 6.787339691072702408e-03
-9.715782403945922852e-01 6.725456099957227707e-03
-9.494968056678771973e-01 6.664152257144451141e-03
-9.274154305458068848e-01 6.609188392758369446e-03
-9.053339958190917969e-01 6.558617111295461655e-03
-8.832525610923767090e-01 6.508452352136373520e-03
-8.611711859703063965e-01 6.458288524299860001e-03
-8.390897512435913086e-01 6.410528905689716339e-03
-8.170083165168762207e-01 6.366346962749958038e-03
-7.949269413948059082e-01 6.322941742837429047e-03
-7.728455066680908203e-01 6.279537919908761978e-03
-7.507640719413757324e-01 6.236134096980094910e-03
-7.286826968193054199e-01 6.192728411406278610e-03
-7.066012620925903320e-01 6.157780066132545471e-03
-6.845198273658752441e-01 6.144473794847726822e-03
-6.624384522438049316e-01 6.132309790700674057e-03
-6.403570175170898438e-01 6.121550220996141434e-03
-6.182755827903747559e-01 6.121962331235408783e-03
-5.961942076683044434e-01 6.126524414867162704e-03
-5.741127729415893555e-01 6.132968235760927200e-03
-5.520313382148742676e-01 6.139412056654691696e-03
-5.299499630928039551e-01 6.146327126771211624e-03
-5.078685283660888672e-01 6.156297400593757629e-03
-4.857871234416961670e-01 6.169708911329507828e-03
-4.637057185173034668e-01 6.189758889377117157e-03
-4.416242837905883789e-01 6.213550921529531479e-03
-4.195428788661956787e-01 6.244711112231016159e-03
-3.974614739418029785e-01 6.285144481807947159e-03
-3.753800392150878906e-01 6.325578782707452774e-03
-3.532986342906951904e-01 6.372454576194286346e-03
-3.312172293663024902e-01 6.437387317419052124e-03
-3.091357946395874023e-01 6.526917219161987305e-03
-2.870543897151947021e-01 6.672158371657133102e-03
-2.649729847908020020e-01 6.878020707517862320e-03
-2.428915649652481079e-01 7.116944529116153717e-03
-2.208101451396942139e-01 7.433510851114988327e-03
-1.987287253141403198e-01 7.875526323914527893e-03
-1.766473203897476196e-01 8.499367162585258484e-03
-1.545659005641937256e-01 9.287039749324321747e-03
-1.324844807386398315e-01 1.035210303962230682e-02
-1.104030758142471313e-01 1.185334473848342896e-02
-8.832165598869323730e-02 1.427800487726926804e-02
-6.624024361371994019e-02 1.760290563106536865e-02
-4.415882751345634460e-02 2.218112535774707794e-02
-2.207741327583789825e-02 2.865098975598812103e-02
4.001095476269256324e-06 3.835481032729148865e-02
2.208541519939899445e-02 5.144163966178894043e-02
4.416682943701744080e-02 6.710094958543777466e-02
6.624824553728103638e-02 8.427248150110244751e-02
8.832965791225433350e-02 1.024419218301773071e-01
1.104110777378082275e-01 1.211717426776885986e-01
1.324924826622009277e-01 1.401755064725875854e-01
1.545739024877548218e-01 1.594027876853942871e-01
1.766553223133087158e-01 1.787500828504562378e-01
1.987367272377014160e-01 1.981689929962158203e-01
2.208181470632553101e-01 2.176257520914077759e-01
2.428995668888092041e-01 2.370996624231338501e-01
2.649809718132019043e-01 2.565870881080627441e-01
2.870623767375946045e-01 2.760787606239318848e-01
3.091438114643096924e-01 2.955873012542724609e-01
3.312252163887023926e-01 3.151123225688934326e-01
3.533066213130950928e-01 3.346489071846008301e-01
3.753880560398101807e-01 3.541979193687438965e-01
3.974694609642028809e-01 3.737505078315734863e-01
4.195508658885955811e-01 3.933074176311492920e-01
4.416323006153106689e-01 4.128709137439727783e-01
4.637137055397033691e-01 4.324354529380798340e-01
4.857951104640960693e-01 4.520006179809570312e-01
5.078765153884887695e-01 4.715714454650878906e-01
5.299579501152038574e-01 4.911456406116485596e-01
5.520393848419189453e-01 5.107206702232360840e-01
5.741207599639892578e-01 5.302965641021728516e-01
5.962021946907043457e-01 5.498724579811096191e-01
6.182836294174194336e-01 5.694484114646911621e-01
6.403650045394897461e-01 5.890248417854309082e-01
6.624464392662048340e-01 6.086024045944213867e-01
6.845278739929199219e-01 6.281809806823730469e-01
7.066092491149902344e-01 6.477617621421813965e-01
7.286906838417053223e-01 6.673427224159240723e-01
7.507721185684204102e-01 6.869263648986816406e-01
7.728534936904907227e-01 7.065136432647705078e-01
7.949349284172058105e-01 7.261047959327697754e-01
8.170163631439208984e-01 7.456960678100585938e-01
8.390977382659912109e-01 7.652903795242309570e-01
8.611791729927062988e-01 7.848853468894958496e-01
8.832606077194213867e-01 8.044803738594055176e-01
9.053419828414916992e-01 8.240754008293151855e-01
9.274234175682067871e-01 8.436712622642517090e-01
9.495048522949218750e-01 8.632673025131225586e-01
9.715862274169921875e-01 8.828632235527038574e-01
9.936676621437072754e-01 9.024593234062194824e-01
1.015749096870422363e+00 9.220553040504455566e-01
1.037830471992492676e+00 9.416517615318298340e-01
1.059911847114562988e+00 9.612499475479125977e-01
