-1.059903860092163086e+00 0.000000000000000000e+00
-1.037822484970092773e+00 0.000000000000000000e+00
-1.015741109848022461e+00 0.000000000000000000e+00
-9.936596751213073730e-01 0.000000000000000000e+00
-9.715782403945922852e-01 0.000000000000000000e+00
-9.494968056678771973e-01 0.000000000000000000e+00
-9.274154305458068848e-01 0.000000000000000000e+00
-9.053339958190917969e-01 0.000000000000000000e+00
-8.832525610923767090e-01 0.000000000000000000e+00
-8.611711859703063965e-01 0.000000000000000000e+00
-8.390897512435913086e-01 0.000000000000000000e+00
-8.170083165168762207e-01 0.000000000000000000e+00
-7.949269413948059082e-01 0.000000000000000000e+00
-7.728455066680908203e-01 0.000000000000000000e+00
-7.507640719413757324e-01 0.000000000000000000e+00
-7.286826968193054199e-01 0.000000000000000000e+00
-7.066012620925903320e-01 0.000000000000000000e+00
-6.845198273658752441e-01 0.000000000000000000e+00
-6.624384522438049316e-01 0.000000000000000000e+00
-6.403570175170898438e-01 0.000000000000000000e+00
-6.182755827903747559e-01 0.000000000000000000e+00
-5.961942076683044434e-01 0.000000000000000000e+00
-5.741127729415893555e-01 0.000000000000000000e+00
-5.520313382148742676e-01 0.000000000000000000e+00
-5.299499630928039551e-01 0.000000000000000000e+00
-5.078685283660888672e-01 0.000000000000000000e+00
-4.857871234416961670e-01 0.000000000000000000e+00
-4.637057185173034668e-01 0.000000000000000000e+00
-4.416242837905883789e-01 0.000000000000000000e+00
-4.195428788661956787e-01 0.000000000000000000e+00
-3.974614739418029785e-01 0.000000000000000000e+00
-3.753800392150878906e-01 0.000000000000000000e+00
-3.532986342906951904e-01 0.000000000000000000e+00
-3.312172293663024902e-01 0.000000000000000000e+00
-3.091357946395874023e-01 0.000000000000000000e+00
-2.870543897151947021e-01 0.000000000000000000e+00
-2.649729847908020020e-01 0.000000000000000000e+00
-2.428915649652481079e-01 0.000000000000000000e+00
-2.208101451396942139e-01 0.000000000000000000e+00
-1.987287253141403198e-01 0.000000000000000000e+00
-1.766473203897476196e-01 0.000000000000000000e+00
-1.545659005641937256e-01 0.000000000000000000e+00
-1.324844807386398315e-01 0.000000000000000000e+00
-1.104030758142471313e-01 0.000000000000000000e+00
-8.832165598869323730e-02 0.000000000000000000e+00
-6.624024361371994019e-02 0.000000000000000000e+00
-4.415882751345634460e-02 0.000000000000000000e+00
-2.207741327583789825e-02 0.000000000000000000e+00
4.001095476269256324e-06 0.000000000000000000e+00
2.208541519939899445e-02 0.000000000000000000e+00
4.416682943701744080e-02 0.000000000000000000e+00
6.624824553728103638e-02 0.000000000000000000e+00
8.832965791225433350e-02 0.000000000000000000e+00
1.104110777378082275e-01 0.000000000000000000e+00
1.324924826622009277e-01 0.000000000000000000e+00
1.545739024877548218e-01 0.000000000000000000e+00
1.766553223133087158e-01 0.000000000000000000e+00
1.987367272377014160e-01 0.000000000000000000e+00
2.208181470632553101e-01 0.000000000000000000e+00
2.428995668888092041e-01 0.000000000000000000e+00
2.649809718132019043e-01 0.000000000000000000e+00
2.870623767375946045e-01 0.000000000000000000e+00
3.091438114643096924e-01 0.000000000000000000e+00
3.312252163887023926e-01 0.000000000000000000e+00
3.533066213130950928e-01 0.000000000000000000e+00
3.753880560398101807e-01 0.000000000000000000e+00
3.974694609642028809e-01 0.000000000000000000e+00
4.195508658885955811e-01 0.000000000000000000e+00
4.416323006153106689e-01 0.000000000000000000e+00
4.637137055397033691e-01 0.000000000000000000e+00
4.857951104640960693e-01 0.000000000000000000e+00
5.078765153884887695e-01 0.000000000000000000e+00
5.299579501152038574e-01 0.000000000000000000e+00
5.520393848419189453e-01 0.000000000000000000e+00
5.741207599639892578e-01 0.000000000000000000e+00
5.962021946907043457e-01 0.000000000000000000e+00
6.182836294174194336e-01 0.000000000000000000e+00
6.403650045394897461e-01 0.000000000000000000e+00
6.624464392662048340e-01 0.000000000000000000e+00
6.845278739929199219e-01 0.000000000000000000e+00
7.066092491149902344e-01 0.000000000000000000e+00
7.286906838417053223e-01 0.000000000000000000e+00
7.507721185684204102e-01 0.000000000000000000e+00
7.728534936904907227e-01 0.000000000000000000e+00
7.949349284172058105e-01 0.000000000000000000e+00
8.170163631439208984e-01 0.000000000000000000e+00
8.390977382659912109e-01 0.000000000000000000e+00
8.611791729927062988e-01 0.000000000000000000e+00
8.832606077194213867e-01 0.000000000000000000e+00
9.053419828414916992e-01 0.000000000000000000e+00
9.274234175682067871e-01 0.000000000000000000e+00
9.495048522949218750e-01 0.000000000000000000e+00
9.715862274169921875e-01 0.000000000000000000e+00
9.936676621437072754e-01 0.000000000000000000e+00
1.015749096870422363e+00 0.000000000000000000e+00
1.037830471992492676e+00 0.000000000000000000e+00
1.059911847114562988e+00 0.000000000000000000e+00
