1.000000000000000000e+00
9.921779632568359375e-01
9.844741225242614746e-01
9.768853187561035156e-01
9.694106578826904297e-01
9.620458483695983887e-01
9.548077583312988281e-01
9.476767182350158691e-01
9.406480193138122559e-01
9.337210655212402344e-01
9.268913269042968750e-01
9.201590418815612793e-01
9.135199189186096191e-01
9.069732427597045898e-01
9.005607366561889648e-01
8.942567110061645508e-01
8.880376815795898438e-01
8.819020986557006836e-01
8.758477568626403809e-01
8.698735237121582031e-01
8.639773130416870117e-01
8.581579923629760742e-01
8.524153232574462891e-01
8.467591404914855957e-01
8.412085771560668945e-01
8.357289433479309082e-01
8.303173184394836426e-01
8.249735236167907715e-01
8.196955919265747070e-01
8.144826889038085938e-01
8.093330860137939453e-01
8.042466044425964355e-01
7.992201447486877441e-01
7.942556142807006836e-01
7.893785834312438965e-01
7.845861315727233887e-01
7.798501253128051758e-01
7.751688957214355469e-01
7.705420851707458496e-01
7.659670114517211914e-01
7.614445686340332031e-01
7.569735050201416016e-01
7.525521516799926758e-01
7.481806278228759766e-01
7.438588738441467285e-01
7.395837903022766113e-01
7.353549003601074219e-01
7.312188148498535156e-01
7.271283864974975586e-01
7.230825424194335938e-01
7.190790772438049316e-01
7.151177525520324707e-01
7.111986279487609863e-01
7.073200941085815430e-01
7.034820318222045898e-01
6.996840834617614746e-01
6.959252953529357910e-01
6.922047138214111328e-01
6.885226368904113770e-01
6.848780512809753418e-01
6.812694668769836426e-01
6.776998043060302734e-01
6.741724610328674316e-01
6.706807613372802734e-01
6.672229766845703125e-01
6.637986302375793457e-01
6.604090929031372070e-01
6.570516824722290039e-01
6.537266373634338379e-01
6.504342555999755859e-01
6.471736431121826172e-01
6.439434289932250977e-01
6.407440900802612305e-01
6.375752091407775879e-01
6.344363093376159668e-01
6.313264369964599609e-01
6.282455921173095703e-01
6.251936554908752441e-01
6.221700906753540039e-01
6.191951632499694824e-01
6.162492632865905762e-01
6.133286952972412109e-01
6.104353666305541992e-01
6.075676083564758301e-01
6.047257184982299805e-01
6.019093394279479980e-01
5.991171002388000488e-01
5.963496565818786621e-01
5.936064720153808594e-01
5.908871293067932129e-01
5.881916880607604980e-01
5.855193138122558594e-01
5.828700065612792969e-01
5.802442431449890137e-01
5.776396989822387695e-01
5.750579237937927246e-01
5.724980831146240234e-01
5.699598789215087891e-01
5.674427151679992676e-01
5.649518370628356934e-01
5.624980926513671875e-01
5.600638389587402344e-01
5.576494932174682617e-01
5.552556514739990234e-01
5.528804063796997070e-01
5.505245923995971680e-01
5.481883287429809570e-01
5.458702445030212402e-01
5.435706377029418945e-01
5.412894487380981445e-01
5.390263795852661133e-01
5.367814302444458008e-01
5.345538854598999023e-01
5.323439240455627441e-01
5.301508903503417969e-01
5.279752612113952637e-01
5.258162021636962891e-01
5.236740112304687500e-01
5.215482115745544434e-01
5.194390416145324707e-01
5.173454284667968750e-01
5.152677297592163086e-01
5.132064819335937500e-01
5.111601948738098145e-01
5.091289877891540527e-01
5.071458220481872559e-01
5.051792860031127930e-01
5.032271146774291992e-01
5.012891888618469238e-01
4.993650317192077637e-01
4.974546730518341064e-01
4.955585300922393799e-01
4.936755001544952393e-01
4.918062388896942139e-01
4.899502396583557129e-01
4.881070852279663086e-01
4.862772822380065918e-01
4.844601452350616455e-01
4.826560020446777344e-01
4.808642566204071045e-01
4.790850877761840820e-01
4.773184061050415039e-01
4.755638241767883301e-01
4.738213717937469482e-01
4.720909297466278076e-01
4.703722596168518066e-01
4.686655402183532715e-01
4.669698774814605713e-01
4.652862846851348877e-01
4.636140167713165283e-01
4.619526267051696777e-01
4.603024125099182129e-01
4.586636722087860107e-01
4.570354521274566650e-01
4.554184377193450928e-01
4.538117349147796631e-01
4.522221386432647705e-01
4.506812095642089844e-01
4.491499066352844238e-01
4.476276934146881104e-01
4.461159706115722656e-01
4.446131289005279541e-01
4.431201815605163574e-01
4.416361153125762939e-01
4.401617050170898438e-01
4.386961162090301514e-01
4.372400343418121338e-01
4.357927143573760986e-01
4.343543648719787598e-01
4.329247772693634033e-01
4.315040707588195801e-01
4.300920367240905762e-01
4.286886155605316162e-01
4.272936582565307617e-01
4.259071648120880127e-01
4.245289862155914307e-01
4.231593608856201172e-01
4.217978715896606445e-01
4.204443097114562988e-01
4.190989434719085693e-01
4.177617132663726807e-01
4.164322912693023682e-01
4.151105582714080811e-01
4.137969315052032471e-01
4.124909639358520508e-01
4.111925661563873291e-01
4.099018573760986328e-01
4.086185097694396973e-01
4.073427021503448486e-01
4.060743749141693115e-01
4.048133492469787598e-01
4.035594761371612549e-01
4.023129343986511230e-01
4.010732769966125488e-01
3.998410701751708984e-01
3.986158668994903564e-01
3.973973095417022705e-01
3.961856663227081299e-01
3.950165212154388428e-01
3.938645422458648682e-01
3.927187323570251465e-01
3.915792107582092285e-01
3.904457688331604004e-01
3.893183767795562744e-01
3.881969153881072998e-01
3.870815932750701904e-01
3.859719336032867432e-01
3.848681151866912842e-01
3.837704658508300781e-01
3.826783299446105957e-01
3.815920352935791016e-01
3.805112838745117188e-01
3.794363141059875488e-01
3.783668279647827148e-01
3.773030936717987061e-01
3.762447237968444824e-01
3.751915991306304932e-01
3.741440474987030029e-01
3.731021881103515625e-01
3.720654845237731934e-01
3.710338771343231201e-01
3.700077235698699951e-01
3.689867854118347168e-01
3.679709136486053467e-01
3.669603765010833740e-01
3.659546971321105957e-01
3.649543523788452148e-01
3.639587461948394775e-01
3.629683554172515869e-01
3.619826734066009521e-01
3.610020875930786133e-01
3.600262999534606934e-01
3.590553700923919678e-01
3.580892980098724365e-01
3.571279942989349365e-01
3.561713695526123047e-01
3.552195429801940918e-01
3.542723953723907471e-01
3.533297181129455566e-01
3.523916602134704590e-01
3.514582812786102295e-01
3.505293726921081543e-01
3.496049642562866211e-01
3.486851751804351807e-01
3.477694988250732422e-01
3.468584120273590088e-01
3.459517061710357666e-01
3.450491726398468018e-01
3.441511988639831543e-01
3.432574868202209473e-01
3.423678576946258545e-01
3.414824604988098145e-01
3.406012654304504395e-01
3.397242426872253418e-01
3.388792574405670166e-01
3.380599617958068848e-01
3.372443318367004395e-01
3.364320397377014160e-01
3.356233537197113037e-01
3.348184227943420410e-01
3.340167999267578125e-01
3.332188725471496582e-01
3.324242532253265381e-01
3.316328823566436768e-01
3.308452963829040527e-01
3.300608396530151367e-01
3.292797803878784180e-01
3.285020589828491211e-01
3.277278542518615723e-01
3.269569277763366699e-01
3.261891901493072510e-01
3.254247903823852539e-01
3.246634304523468018e-01
3.239054679870605469e-01
3.231506347656250000e-01
3.223990797996520996e-01
3.216505944728851318e-01
3.209053277969360352e-01
3.201632499694824219e-01
3.194240927696228027e-01
3.186879754066467285e-01
3.179552853107452393e-01
3.172253370285034180e-01
3.164985477924346924e-01
3.157746791839599609e-01
3.150539696216583252e-01
3.143360912799835205e-01
3.136212229728698730e-01
3.129092156887054443e-01
3.122001290321350098e-01
3.114940524101257324e-01
3.107907772064208984e-01
3.100903630256652832e-01
3.093928694725036621e-01
3.086979687213897705e-01
3.080061972141265869e-01
3.073170185089111328e-01
3.066306412220001221e-01
3.059471547603607178e-01
3.052663505077362061e-01
3.045882880687713623e-01
3.039128184318542480e-01
3.032401800155639648e-01
3.025702536106109619e-01
3.019028902053833008e-01
3.012382090091705322e-01
3.005760610103607178e-01
2.999166846275329590e-01
2.992599010467529297e-01
2.986056506633758545e-01
2.979539334774017334e-01
2.973048985004425049e-01
2.966582775115966797e-01
2.960143685340881348e-01
2.953728139400482178e-01
2.947337031364440918e-01
2.940973043441772461e-01
2.934631109237670898e-01
2.928315699100494385e-01
2.922024130821228027e-01
2.915756106376647949e-01
2.909513413906097412e-01
2.903293371200561523e-01
2.897097468376159668e-01
2.890925705432891846e-01
2.884778380393981934e-01
2.878653407096862793e-01
2.872552573680877686e-01
2.866472601890563965e-01
2.860417962074279785e-01
2.854386270046234131e-01
2.848375439643859863e-01
2.842389047145843506e-01
2.836424708366394043e-01
2.830483317375183105e-01
2.824740111827850342e-01
2.819163501262664795e-01
2.813604474067687988e-01
2.808065712451934814e-01
2.802546918392181396e-01
2.797046899795532227e-01
2.791565358638763428e-01
2.786103785037994385e-01
2.780660390853881836e-01
2.775236368179321289e-01
2.769830524921417236e-01
2.764444053173065186e-01
2.759076654911041260e-01
2.753727436065673828e-01
2.748395204544067383e-01
2.743083834648132324e-01
2.737788259983062744e-01
2.732511758804321289e-01
2.727253437042236328e-01
2.722013294696807861e-01
2.716790437698364258e-01
2.711585462093353271e-01
2.706398069858551025e-01
2.701228559017181396e-01
2.696076333522796631e-01
2.690941691398620605e-01
2.685824334621429443e-01
2.680723965167999268e-01
2.675640583038330078e-01
2.670574784278869629e-01
2.665525078773498535e-01
2.660493254661560059e-01
2.655477821826934814e-01
2.650478780269622803e-01
2.645496726036071777e-01
2.640531063079833984e-01
2.635582089424133301e-01
2.630649805068969727e-01
2.625733315944671631e-01
2.620832324028015137e-01
2.615948319435119629e-01
2.611081004142761230e-01
2.606228590011596680e-01
2.601392567157745361e-01
2.596572637557983398e-01
2.591767609119415283e-01
2.586978673934936523e-01
2.582205832004547119e-01
2.577448189258575439e-01
2.572705447673797607e-01
2.567979395389556885e-01
2.563266754150390625e-01
2.558571100234985352e-01
2.553889155387878418e-01
2.549223601818084717e-01
2.544572353363037109e-01
2.539936602115631104e-01
2.535315155982971191e-01
2.530708611011505127e-01
2.526116073131561279e-01
2.521539032459259033e-01
2.516976594924926758e-01
2.512428462505340576e-01
2.507894933223724365e-01
2.503376007080078125e-01
2.498871535062789917e-01
2.494380325078964233e-01
2.489903271198272705e-01
2.485441118478775024e-01
2.480992376804351807e-01
2.476558238267898560e-01
2.472137510776519775e-01
2.467731684446334839e-01
2.463338375091552734e-01
2.458959370851516724e-01
2.454593926668167114e-01
2.450241446495056152e-01
2.445903569459915161e-01
2.441578507423400879e-01
2.437266707420349121e-01
2.432969063520431519e-01
2.428683936595916748e-01
2.424412667751312256e-01
2.420154213905334473e-01
2.415907979011535645e-01
2.411676049232482910e-01
2.407456338405609131e-01
2.403250336647033691e-01
2.399056255817413330e-01
2.394875884056091309e-01
2.390707582235336304e-01
2.386552244424819946e-01
2.382408827543258667e-01
2.378278970718383789e-01
2.374162226915359497e-01
2.370056509971618652e-01
2.365963011980056763e-01
2.361883074045181274e-01
2.357814908027648926e-01
2.353758513927459717e-01
2.349715381860733032e-01
2.345683276653289795e-01
2.341663837432861328e-01
2.337656021118164062e-01
2.333660870790481567e-01
2.329677194356918335e-01
2.325705736875534058e-01
2.321744710206985474e-01
2.317797392606735229e-01
2.313860505819320679e-01
2.309935837984085083e-01
2.306021749973297119e-01
2.302120327949523926e-01
2.298229932785034180e-01
2.294351607561111450e-01
2.290484011173248291e-01
2.286628186702728271e-01
2.282783240079879761e-01
2.278950065374374390e-01
2.275127470493316650e-01
2.271315753459930420e-01
2.267516106367111206e-01
2.263726592063903809e-01
2.260136455297470093e-01
2.256673574447631836e-01
2.253219634294509888e-01
2.249775230884552002e-01
2.246339172124862671e-01
2.242911756038665771e-01
2.239494025707244873e-01
2.236085087060928345e-01
2.232685387134552002e-01
2.229294329881668091e-01
2.225911468267440796e-01
2.222537994384765625e-01
2.219172567129135132e-01
2.215816527605056763e-01
2.212468981742858887e-01
2.209130674600601196e-01
2.205799967050552368e-01
2.202478945255279541e-01
2.199165672063827515e-01
2.195861637592315674e-01
2.192565202713012695e-01
2.189278304576873779e-01
2.185998857021331787e-01
2.182727754116058350e-01
2.179465889930725098e-01
2.176211327314376831e-01
2.172966152429580688e-01
2.169728428125381470e-01
2.166499197483062744e-01
2.163278162479400635e-01
2.160065323114395142e-01
2.156860381364822388e-01
2.153663486242294312e-01
2.150475531816482544e-01
2.147295176982879639e-01
2.144122272729873657e-01
2.140958011150360107e-01
2.137801647186279297e-01
2.134652733802795410e-01
2.131511718034744263e-01
2.128379046916961670e-01
2.125254124402999878e-01
2.122136950492858887e-01
2.119027823209762573e-01
2.115926444530487061e-01
2.112832367420196533e-01
2.109745889902114868e-01
2.106667459011077881e-01
2.103596627712249756e-01
2.100533545017242432e-01
2.097477614879608154e-01
2.094429582357406616e-01
2.091389000415802002e-01
2.088356316089630127e-01
2.085330933332443237e-01
2.082312256097793579e-01
2.079301327466964722e-01
2.076298147439956665e-01
2.073302268981933594e-01
2.070313394069671631e-01
2.067332118749618530e-01
2.064357995986938477e-01
2.061391621828079224e-01
2.058431953191757202e-01
2.055479288101196289e-01
2.052534669637680054e-01
2.049596458673477173e-01
2.046665847301483154e-01
2.043741196393966675e-01
2.040824890136718750e-01
2.037915438413619995e-01
2.035012245178222656e-01
2.032117396593093872e-01
2.029228508472442627e-01
2.026347070932388306e-01
2.023472487926483154e-01
2.020604461431503296e-01
2.017743140459060669e-01
2.014889717102050781e-01
2.012041956186294556e-01
2.009201347827911377e-01
2.006367743015289307e-01
2.003540545701980591e-01
2.000720649957656860e-01
1.997907608747482300e-01
1.995100378990173340e-01
1.992300748825073242e-01
1.989506930112838745e-01
1.986720263957977295e-01
1.983939856290817261e-01
1.981166452169418335e-01
1.978398859500885010e-01
1.975637972354888916e-01
1.972883641719818115e-01
1.970136612653732300e-01
1.967395544052124023e-01
1.964660286903381348e-01
1.961932629346847534e-01
1.959209889173507690e-01
1.956494599580764771e-01
1.953785419464111328e-01
1.951082050800323486e-01
1.948385536670684814e-01
1.945695430040359497e-01
1.943011432886123657e-01
1.940333545207977295e-01
1.937661617994308472e-01
1.934996545314788818e-01
1.932337284088134766e-01
1.929684579372406006e-01
1.927037090063095093e-01
1.924396306276321411e-01
1.921761333942413330e-01
1.919132620096206665e-01
1.916510313749313354e-01
1.913893371820449829e-01
1.911282241344451904e-01
1.908677965402603149e-01
1.906078904867172241e-01
1.903486400842666626e-01
1.900899708271026611e-01
1.898318678140640259e-01
1.895743459463119507e-01
1.893174201250076294e-01
1.890611052513122559e-01
1.888053864240646362e-01
1.885501742362976074e-01
1.882956326007843018e-01
1.880415678024291992e-01
1.877880841493606567e-01
1.875353008508682251e-01
1.872830092906951904e-01
1.870312690734863281e-01
1.867800801992416382e-01
1.865295320749282837e-01
1.862794607877731323e-01
1.860299706459045410e-01
1.857810765504837036e-01
1.855327486991882324e-01
1.852849274873733521e-01
1.850376725196838379e-01
1.847909986972808838e-01
1.845448166131973267e-01
1.842992603778839111e-01
1.840542256832122803e-01
1.838097274303436279e-01
1.835657358169555664e-01
1.833223402500152588e-01
1.830794662237167358e-01
1.828371286392211914e-01
1.825952976942062378e-01
1.823540627956390381e-01
1.821132600307464600e-01
1.818730682134628296e-01
1.816334277391433716e-01
1.813942790031433105e-01
1.811556816101074219e-01
1.809175163507461548e-01
1.806799769401550293e-01
1.804428696632385254e-01
1.802063584327697754e-01
1.799703687429428101e-01
1.797348707914352417e-01
1.794998943805694580e-01
1.792653501033782959e-01
1.790314465761184692e-01
1.787979304790496826e-01
1.785649955272674561e-01
1.783325970172882080e-01
1.781006008386611938e-01
1.778691112995147705e-01
1.776382476091384888e-01
1.774078160524368286e-01
1.771778613328933716e-01
1.769483983516693115e-01
1.767194569110870361e-01
1.764909923076629639e-01
1.762629747390747070e-01
1.760355532169342041e-01
1.758085489273071289e-01
1.755819916725158691e-01
1.753559857606887817e-01
1.751304864883422852e-01
1.749053895473480225e-01
1.746808737516403198e-01
1.744567453861236572e-01
1.742330789566040039e-01
1.740099787712097168e-01
1.737872809171676636e-01
1.735651046037673950e-01
1.733434051275253296e-01
1.731221377849578857e-01
