0.000000000000000000e+00
0.000000000000000000e+00
0.000000000000000000e+00
0.000000000000000000e+00
0.000000000000000000e+00
0.000000000000000000e+00
0.000000000000000000e+00
0.000000000000000000e+00
0.000000000000000000e+00
0.000000000000000000e+00
0.000000000000000000e+00
0.000000000000000000e+00
0.000000000000000000e+00
0.000000000000000000e+00
0.000000000000000000e+00
0.000000000000000000e+00
0.000000000000000000e+00
0.000000000000000000e+00
0.000000000000000000e+00
0.000000000000000000e+00
0.000000000000000000e+00
0.000000000000000000e+00
0.000000000000000000e+00
0.000000000000000000e+00
0.000000000000000000e+00
0.000000000000000000e+00
0.000000000000000000e+00
0.000000000000000000e+00
0.000000000000000000e+00
0.000000000000000000e+00
0.000000000000000000e+00
0.000000000000000000e+00
0.000000000000000000e+00
0.000000000000000000e+00
0.000000000000000000e+00
0.000000000000000000e+00
0.000000000000000000e+00
0.000000000000000000e+00
0.000000000000000000e+00
0.000000000000000000e+00
0.000000000000000000e+00
0.000000000000000000e+00
0.000000000000000000e+00
0.000000000000000000e+00
0.000000000000000000e+00
0.000000000000000000e+00
0.000000000000000000e+00
0.000000000000000000e+00
0.000000000000000000e+00
0.000000000000000000e+00
0.000000000000000000e+00
2.022226899862289429e-01
3.621058464050292969e-01
4.657460451126098633e-01
5.297622680664062500e-01
5.708656311035156250e-01
5.990647673606872559e-01
6.198413372039794922e-01
6.361510753631591797e-01
6.496077775955200195e-01
6.611194610595703125e-01
6.712195873260498047e-01
6.802383065223693848e-01
6.883927583694458008e-01
6.958335638046264648e-01
7.026709318161010742e-01
7.089892029762268066e-01
7.148548960685729980e-01
7.203218936920166016e-01
7.254346609115600586e-01
7.302305102348327637e-01
7.347412705421447754e-01
7.389941811561584473e-01
7.430127263069152832e-01
7.468174695968627930e-01
7.504263520240783691e-01
7.538551688194274902e-01
7.571179270744323730e-01
7.602272629737854004e-01
7.631942629814147949e-01
7.660288810729980469e-01
7.687402963638305664e-01
7.713365554809570312e-01
7.738252282142639160e-01
7.762128114700317383e-01
7.785055637359619141e-01
7.807092666625976562e-01
7.828287482261657715e-01
7.848689556121826172e-01
7.868342995643615723e-01
7.887285351753234863e-01
7.905557155609130859e-01
7.923191785812377930e-01
7.940219640731811523e-01
7.956672906875610352e-01
7.972577810287475586e-01
7.987961769104003906e-01
8.002846837043762207e-01
8.017258048057556152e-01
8.031213879585266113e-01
8.044737577438354492e-01
8.057845234870910645e-01
8.070555329322814941e-01
8.082884550094604492e-01
8.094848394393920898e-01
8.106462955474853516e-01
8.117738962173461914e-01
8.128692507743835449e-01
8.139334917068481445e-01
8.149678707122802734e-01
8.159734010696411133e-01
8.169512152671813965e-01
8.179023265838623047e-01
8.188277482986450195e-01
8.197282552719116211e-01
8.206049203872680664e-01
8.214582204818725586e-01
8.222893476486206055e-01
8.230988979339599609e-01
8.238875865936279297e-01
8.246560096740722656e-01
8.254050612449645996e-01
8.261350989341735840e-01
8.268468976020812988e-01
8.275410532951354980e-01
8.282180428504943848e-01
8.288784027099609375e-01
8.295227289199829102e-01
8.301513195037841797e-01
8.307648301124572754e-01
8.313636779785156250e-01
8.319482207298278809e-01
8.325189352035522461e-01
8.330762982368469238e-01
8.336205482482910156e-01
8.341521024703979492e-01
8.346713185310363770e-01
8.351786732673645020e-01
8.356742262840270996e-01
8.361586332321166992e-01
8.366318941116333008e-01
8.370945453643798828e-01
8.375467061996459961e-01
8.379887938499450684e-01
8.384209871292114258e-01
8.388435840606689453e-01
8.392568230628967285e-01
8.396609425544738770e-01
8.400562405586242676e-01
8.404427766799926758e-01
8.408209681510925293e-01
8.411909937858581543e-01
8.415529727935791016e-01
8.419071435928344727e-01
8.422536849975585938e-01
8.425928354263305664e-01
8.429247736930847168e-01
8.432495594024658203e-01
8.435675501823425293e-01
8.438788652420043945e-01
8.441835641860961914e-01
8.444818258285522461e-01
8.447739481925964355e-01
8.450598716735839844e-01
8.453398346900939941e-01
8.456140756607055664e-01
8.458825349807739258e-01
8.461455702781677246e-01
8.464031219482421875e-01
8.466553688049316406e-01
8.469024896621704102e-01
8.471445441246032715e-01
8.473816514015197754e-01
8.476139903068542480e-01
8.478415608406066895e-01
8.480646014213562012e-01
8.482830524444580078e-01
8.484970927238464355e-01
8.487069010734558105e-01
8.489124178886413574e-01
8.491139411926269531e-01
8.493114113807678223e-01
8.495048284530639648e-01
8.496944308280944824e-01
8.498803377151489258e-01
8.500624299049377441e-01
8.502411246299743652e-01
8.504161238670349121e-01
8.505877256393432617e-01
8.507559299468994141e-01
8.509208559989929199e-01
8.510825037956237793e-01
8.512410521507263184e-01
8.513965606689453125e-01
8.515489101409912109e-01
8.516982793807983398e-01
8.518448472023010254e-01
8.519885540008544922e-01
8.521293401718139648e-01
8.522675633430480957e-01
8.524031043052673340e-01
8.525358438491821289e-01
8.526661992073059082e-01
8.527940511703491211e-01
8.529193401336669922e-01
8.530423045158386230e-01
8.531628251075744629e-01
8.532810807228088379e-01
8.533970713615417480e-01
8.535109162330627441e-01
8.536224365234375000e-01
8.537319898605346680e-01
8.538394570350646973e-01
8.539447784423828125e-01
8.540481925010681152e-01
8.541495800018310547e-01
8.542490601539611816e-01
8.543466329574584961e-01
8.544424176216125488e-01
8.545364141464233398e-01
8.546285033226013184e-01
8.547189831733703613e-01
8.548077344894409180e-01
8.548947572708129883e-01
8.549802303314208984e-01
8.550640940666198730e-01
8.551462888717651367e-01
8.552269935607910156e-01
8.553062677383422852e-01
8.553839921951293945e-01
8.554603457450866699e-01
8.555351495742797852e-01
8.556085824966430664e-01
8.556807041168212891e-01
8.557513952255249023e-01
8.558209538459777832e-01
8.558890819549560547e-01
8.559559583663940430e-01
8.560216426849365234e-01
8.560860157012939453e-01
8.561492562294006348e-01
8.562113642692565918e-01
8.562722802162170410e-01
8.563321232795715332e-01
8.563907742500305176e-01
8.564484119415283203e-01
8.565049171447753906e-01
8.565605282783508301e-01
8.566150069236755371e-01
8.566685318946838379e-01
8.567209839820861816e-01
8.432968854904174805e-01
8.300645351409912109e-01
8.170244097709655762e-01
8.041766285896301270e-01
7.915220260620117188e-01
7.790615558624267578e-01
7.667942643165588379e-01
7.547197341918945312e-01
7.428381443023681641e-01
7.311505079269409180e-01
7.196552753448486328e-01
7.083535194396972656e-01
6.972438097000122070e-01
6.863247752189636230e-01
6.755952835083007812e-01
6.650539040565490723e-01
6.546998620033264160e-01
6.445325016975402832e-01
6.345497965812683105e-01
6.247499585151672363e-01
6.151314973831176758e-01
6.056931018829345703e-01
5.964326858520507812e-01
5.873484611511230469e-01
5.784384608268737793e-01
5.697006583213806152e-01
5.611330866813659668e-01
5.527335405349731445e-01
5.444999933242797852e-01
5.364301800727844238e-01
5.285222530364990234e-01
5.207740664482116699e-01
5.131831169128417969e-01
5.057474374771118164e-01
4.984647333621978760e-01
4.913325607776641846e-01
4.843493998050689697e-01
4.775128960609436035e-01
4.708217084407806396e-01
4.642732739448547363e-01
4.578649401664733887e-01
4.515942633152008057e-01
4.454588592052459717e-01
4.394562542438507080e-01
4.335841238498687744e-01
4.278400540351867676e-01
4.222215414047241211e-01
4.167262017726898193e-01
4.113517403602600098e-01
4.060969352722167969e-01
4.009587764739990234e-01
3.959349393844604492e-01
3.910234868526458740e-01
3.862223923206329346e-01
3.815290629863739014e-01
3.769411444664001465e-01
3.724563121795654297e-01
3.680724501609802246e-01
3.637877106666564941e-01
3.595996201038360596e-01
3.555059134960174561e-01
3.515047729015350342e-01
3.475938141345977783e-01
3.437709510326385498e-01
3.400346338748931885e-01
3.363839983940124512e-01
3.328167796134948730e-01
3.293308615684509277e-01
3.259244263172149658e-01
3.225957751274108887e-01
3.193426728248596191e-01
3.161632716655731201e-01
3.130556643009185791e-01
3.100180029869079590e-01
3.070485889911651611e-01
3.041457235813140869e-01
3.013077378273010254e-01
2.985331714153289795e-01
2.958209812641143799e-01
2.931693196296691895e-01
2.905767560005187988e-01
2.880415022373199463e-01
2.855620086193084717e-01
2.831373810768127441e-01
2.807660996913909912e-01
2.784464955329895020e-01
2.761771082878112793e-01
2.739565670490264893e-01
2.717834413051605225e-01
2.696564197540283203e-01
2.675741314888000488e-01
2.655352056026458740e-01
2.635383903980255127e-01
2.615824341773986816e-01
2.596661150455474854e-01
2.577883899211883545e-01
2.559480071067810059e-01
2.541439235210418701e-01
2.523751258850097656e-01
2.506405711174011230e-01
2.489392310380935669e-01
2.472700923681259155e-01
2.456322312355041504e-01
2.440247386693954468e-01
2.424466758966445923e-01
2.408971339464187622e-01
2.393753528594970703e-01
2.378804981708526611e-01
2.364120632410049438e-01
2.349694073200225830e-01
2.335517555475234985e-01
2.321583032608032227e-01
2.307883501052856445e-01
2.294412106275558472e-01
2.281162142753601074e-01
2.268128097057342529e-01
2.255304902791976929e-01
2.242685854434967041e-01
2.230268567800521851e-01
2.218046039342880249e-01
2.206012159585952759e-01
2.194161415100097656e-01
2.182488888502120972e-01
2.170989960432052612e-01
2.159660309553146362e-01
2.148494273424148560e-01
2.137487679719924927e-01
2.126636803150177002e-01
2.115936726331710815e-01
2.105382978916168213e-01
2.094971984624862671e-01
2.084700316190719604e-01
2.074563503265380859e-01
2.064558118581771851e-01
2.054680585861206055e-01
2.044927775859832764e-01
2.035296112298965454e-01
2.025782763957977295e-01
2.016386538743972778e-01
2.007104605436325073e-01
1.997934430837631226e-01
1.988872885704040527e-01
1.979916989803314209e-01
1.971064060926437378e-01
1.962311565876007080e-01
1.953657120466232300e-01
1.945099383592605591e-01
1.936636120080947876e-01
1.928264498710632324e-01
1.919982880353927612e-01
1.911793202161788940e-01
1.903692334890365601e-01
1.895677298307418823e-01
1.887746155261993408e-01
1.879896819591522217e-01
1.872130334377288818e-01
1.864446848630905151e-01
1.856842935085296631e-01
1.849316209554672241e-01
1.841865181922912598e-01
1.834487915039062500e-01
1.827182620763778687e-01
1.819947659969329834e-01
1.812781393527984619e-01
1.805682629346847534e-01
1.798656433820724487e-01
1.791699528694152832e-01
1.784809529781341553e-01
1.777984499931335449e-01
1.771223098039627075e-01
1.764523983001708984e-01
1.757885366678237915e-01
1.751306354999542236e-01
1.744785755872726440e-01
1.738322377204895020e-01
1.731916218996047974e-01
1.725566387176513672e-01
1.719273179769515991e-01
1.713034361600875854e-01
1.706849038600921631e-01
1.700716018676757812e-01
1.694635152816772461e-01
1.688604801893234253e-01
1.682623624801635742e-01
1.676691174507141113e-01
1.670806407928466797e-01
1.664969623088836670e-01
1.659178882837295532e-01
1.653433293104171753e-01
1.647731959819793701e-01
1.642074435949325562e-01
1.636459380388259888e-01
1.630886644124984741e-01
1.625354886054992676e-01
1.619863957166671753e-01
1.614413708448410034e-01
1.609010398387908936e-01
1.603652536869049072e-01
1.598337590694427490e-01
1.593064218759536743e-01
1.587832719087600708e-01
1.582643687725067139e-01
1.577494889497756958e-01
1.572385430335998535e-01
1.567314416170120239e-01
1.562281996011734009e-01
1.557286977767944336e-01
1.552328467369079590e-01
1.547405868768692017e-01
1.542518138885498047e-01
1.537665426731109619e-01
1.532847136259078979e-01
1.528063118457794189e-01
1.523312479257583618e-01
1.518594622611999512e-01
1.513910442590713501e-01
1.509259194135665894e-01
1.504641026258468628e-01
1.500055491924285889e-01
1.495501548051834106e-01
1.490980088710784912e-01
1.486490070819854736e-01
1.482030451297760010e-01
1.477600634098052979e-01
1.473200023174285889e-01
1.468828767538070679e-01
1.464487314224243164e-01
1.460174620151519775e-01
1.455889642238616943e-01
1.451631933450698853e-01
1.447401195764541626e-01
1.443196833133697510e-01
1.439018249511718750e-01
1.434865295886993408e-01
1.430737376213073730e-01
1.426634192466735840e-01
1.422555297613143921e-01
1.418500393629074097e-01
1.414471119642257690e-01
1.410468667745590210e-01
1.406491249799728394e-01
1.402538269758224487e-01
1.398609280586242676e-01
1.394704133272171021e-01
1.390821933746337891e-01
1.386962682008743286e-01
1.383125633001327515e-01
1.379310935735702515e-01
1.375519633293151855e-01
1.371753513813018799e-01
1.368012279272079468e-01
1.364296674728393555e-01
1.360610425472259521e-01
1.356949806213378906e-01
1.353314220905303955e-01
1.349702477455139160e-01
1.346114426851272583e-01
1.342550069093704224e-01
1.339008063077926636e-01
1.335487812757492065e-01
1.331989318132400513e-01
1.328511387109756470e-01
1.325054019689559937e-01
1.321616470813751221e-01
1.318198889493942261e-01
1.314801126718521118e-01
1.311422139406204224e-01
1.308062225580215454e-01
1.304720342159271240e-01
1.301396489143371582e-01
1.298090517520904541e-01
1.294801682233810425e-01
1.291530132293701172e-01
1.288276016712188721e-01
1.285038590431213379e-01
1.281819790601730347e-01
1.278618425130844116e-01
1.275436133146286011e-01
1.272280216217041016e-01
1.269150525331497192e-01
1.266044229269027710e-01
1.262960135936737061e-01
1.259896755218505859e-01
1.256853640079498291e-01
1.253830194473266602e-01
1.250825524330139160e-01
1.247838586568832397e-01
1.244869232177734375e-01
1.241917014122009277e-01
1.238981038331985474e-01
1.236061155796051025e-01
1.233156993985176086e-01
1.230267733335494995e-01
1.227393522858619690e-01
1.224533841013908386e-01
1.221688166260719299e-01
1.218856498599052429e-01
1.216038465499877930e-01
1.213233843445777893e-01
1.210442483425140381e-01
1.207663938403129578e-01
1.204898282885551453e-01
1.202145218849182129e-01
1.199404597282409668e-01
1.196676418185234070e-01
1.193960979580879211e-01
1.191257610917091370e-01
1.188566312193870544e-01
1.185887083411216736e-01
1.183219328522682190e-01
1.180563345551490784e-01
1.177918985486030579e-01
1.175285577774047852e-01
1.172663718461990356e-01
1.170052886009216309e-01
1.167453080415725708e-01
1.164864078164100647e-01
1.162285879254341125e-01
1.159718409180641174e-01
1.157161593437194824e-01
1.154615357518196106e-01
1.152079626917839050e-01
1.149554625153541565e-01
1.147039607167243958e-01
1.144534796476364136e-01
1.142040342092514038e-01
1.139555796980857849e-01
1.137083843350410461e-01
1.134622991085052490e-01
1.132173016667366028e-01
1.129733771085739136e-01
1.127305254340171814e-01
1.124887168407440186e-01
1.122479587793350220e-01
1.120082065463066101e-01
1.117694601416587830e-01
1.115317046642303467e-01
1.112955361604690552e-01
1.110606044530868530e-01
1.108268275856971741e-01
1.105941981077194214e-01
1.103626862168312073e-01
1.101322323083877563e-01
1.099028438329696655e-01
1.096744909882545471e-01
1.094471365213394165e-01
1.092207729816436768e-01
1.089953780174255371e-01
1.087709292769432068e-01
1.085474044084548950e-01
1.083247810602188110e-01
1.081030741333961487e-01
1.078822389245033264e-01
1.076622903347015381e-01
1.074432060122489929e-01
1.072249710559844971e-01
1.070075780153274536e-01
1.067910194396972656e-01
1.065752878785133362e-01
1.063603609800338745e-01
1.061462461948394775e-01
1.059329360723495483e-01
1.057204082608222961e-01
1.055086776614189148e-01
1.052977293729782104e-01
1.050875484943389893e-01
1.048783063888549805e-01
1.046702638268470764e-01
1.044631749391555786e-01
1.042570099234580994e-01
1.040517687797546387e-01
1.038473919034004211e-01
1.036438718438148499e-01
1.034411936998367310e-01
1.032393127679824829e-01
1.030382439494132996e-01
1.028379648923873901e-01
1.026384606957435608e-01
1.024397015571594238e-01
1.022417023777961731e-01
1.020444333553314209e-01
1.018478795886039734e-01
1.016520559787750244e-01
1.014569476246833801e-01
1.012625321745872498e-01
1.010688021779060364e-01
1.008757799863815308e-01
1.006834208965301514e-01
1.004917472600936890e-01
1.003010272979736328e-01
1.001116931438446045e-01
9.992337226867675781e-02
9.973599016666412354e-02
9.954955428838729858e-02
9.936404973268508911e-02
9.917940944433212280e-02
9.899560362100601196e-02
9.881260991096496582e-02
9.863036870956420898e-02
9.844888746738433838e-02
9.826838225126266479e-02
9.808869659900665283e-02
9.790979325771331787e-02
9.773164987564086914e-02
9.755422174930572510e-02
9.737750887870788574e-02
9.720147401094436646e-02
9.702610969543457031e-02
9.685138612985610962e-02
9.667731076478958130e-02
9.650385379791259766e-02
9.633101522922515869e-02
9.615877270698547363e-02
9.598711878061294556e-02
9.581603854894638062e-02
9.564554691314697266e-02
9.547561407089233398e-02
9.530624747276306152e-02
9.513743221759796143e-02
9.496916830539703369e-02
9.480146318674087524e-02
9.463450312614440918e-02
9.446834027767181396e-02
9.430292248725891113e-02
9.413817524909973145e-02
9.397407621145248413e-02
9.381061047315597534e-02
9.364774823188781738e-02
9.348547458648681641e-02
9.332378208637237549e-02
9.316265583038330078e-02
9.300207346677780151e-02
9.284204244613647461e-02
9.268253296613693237e-02
9.252355992794036865e-02
9.236509352922439575e-02
9.220712631940841675e-02
9.204967319965362549e-02
9.189271181821823120e-02
9.173624217510223389e-02
9.158026427030563354e-02
9.142474830150604248e-02
9.126972407102584839e-02
9.111516177654266357e-02
9.096112102270126343e-02
9.080764651298522949e-02
9.065482020378112793e-02
9.050273895263671875e-02
9.035126119852066040e-02
9.020037204027175903e-02
9.005004167556762695e-02
8.990024775266647339e-02
8.975097537040710449e-02
8.960223197937011719e-02
8.945398032665252686e-02
8.930622786283493042e-02
8.915895223617553711e-02
8.901214599609375000e-02
8.886579424142837524e-02
8.871989697217941284e-02
8.857445418834686279e-02
8.842944353818893433e-02
8.828487247228622437e-02
8.814073354005813599e-02
8.799702674150466919e-02
8.785374462604522705e-02
8.771087229251861572e-02
8.756842464208602905e-02
8.742649108171463013e-02
8.728522062301635742e-02
8.714447170495986938e-02
8.700434118509292603e-02
8.686477690935134888e-02
8.672571182250976562e-02
8.658715337514877319e-02
8.644907176494598389e-02
8.631151914596557617e-02
8.617442101240158081e-02
8.603777736425399780e-02
8.590158075094223022e-02
8.576581627130508423e-02
8.563046157360076904e-02
8.549553155899047852e-02
8.536099642515182495e-02
8.522686362266540527e-02
8.509311825037002563e-02
8.495976775884628296e-02
8.482678234577178955e-02
8.469419181346893311e-02
8.456197381019592285e-02
8.443011343479156494e-02
8.429862558841705322e-02
8.416749536991119385e-02
8.403673768043518066e-02
8.390633016824722290e-02
8.377628028392791748e-02
8.364658057689666748e-02
8.351723849773406982e-02
8.338823914527893066e-02
8.325959742069244385e-02
8.313129097223281860e-02
8.300333470106124878e-02
8.287571370601654053e-02
8.274843543767929077e-02
8.262149989604949951e-02
8.249489217996597290e-02
8.236866444349288940e-02
8.224286139011383057e-02
8.211744576692581177e-02
8.199241012334823608e-02
8.186773955821990967e-02
8.174343407154083252e-02
8.161947131156921387e-02
8.149585872888565063e-02
8.137258887290954590e-02
8.124980330467224121e-02
8.112739026546478271e-02
8.100535720586776733e-02
8.088368177413940430e-02
8.076236397027969360e-02
8.064139634370803833e-02
8.052077144384384155e-02
8.040047436952590942e-02
8.028051257133483887e-02
8.016092330217361450e-02
8.004173636436462402e-02
7.992289215326309204e-02
7.980439811944961548e-02
7.968623936176300049e-02
7.956843078136444092e-02
7.945118844509124756e-02
7.933446019887924194e-02
7.921816408634185791e-02
7.910229265689849854e-02
7.898679375648498535e-02
7.887167483568191528e-02
7.875690609216690063e-02
7.864248752593994141e-02
7.852841168642044067e-02
7.841464877128601074e-02
7.830120623111724854e-02
7.818808406591415405e-02
7.807525247335433960e-02
7.796272635459899902e-02
7.785049080848693848e-02
7.773855328559875488e-02
7.762689143419265747e-02
7.751575112342834473e-02
7.740509510040283203e-02
7.729484885931015015e-02
7.718503475189208984e-02
7.707557827234268188e-02
7.696648687124252319e-02
7.685773074626922607e-02
7.674930989742279053e-02
7.664120197296142578e-02
7.653338462114334106e-02
7.642588019371032715e-02
7.631865143775939941e-02
7.621170580387115479e-02
7.610503584146499634e-02
7.599864900112152100e-02
7.589253038167953491e-02
7.578667253255844116e-02
7.568106800317764282e-02
7.557573914527893066e-02
7.547065615653991699e-02
7.536591589450836182e-02
7.526146620512008667e-02
7.515729218721389771e-02
7.505338639020919800e-02
7.494977861642837524e-02
7.484645396471023560e-02
7.474340498447418213e-02
7.464062422513961792e-02
7.453809678554534912e-02
7.443583011627197266e-02
7.433381676673889160e-02
7.423204928636550903e-02
7.413053512573242188e-02
7.402925193309783936e-02
7.392828166484832764e-02
7.382759451866149902e-02
7.372715324163436890e-02
7.362696528434753418e-02
7.352703064680099487e-02
7.342734187841415405e-02
7.332789897918701172e-02
7.322870194911956787e-02
7.312973588705062866e-02
7.303101569414138794e-02
7.293260097503662109e-02
7.283475250005722046e-02
7.273732870817184448e-02
7.264055311679840088e-02
7.254420965909957886e-02
7.244826108217239380e-02
7.235267013311386108e-02
7.225742936134338379e-02
7.216247916221618652e-02
7.206782698631286621e-02
7.197345793247222900e-02
7.187935709953308105e-02
7.178555428981781006e-02
7.169206440448760986e-02
7.159884274005889893e-02
7.150588184595108032e-02
7.141316682100296021e-02
7.132069766521453857e-02
7.122845202684402466e-02
7.113643735647201538e-02
7.104463130235671997e-02
7.095304876565933228e-02
7.086166739463806152e-02
7.077051699161529541e-02
7.067964971065521240e-02
7.058899849653244019e-02
7.049855589866638184e-02
7.040835171937942505e-02
7.031837850809097290e-02
7.022862881422042847e-02
7.013908773660659790e-02
7.004976272583007812e-02
6.996063888072967529e-02
6.987171620130538940e-02
6.978297978639602661e-02
6.969445198774337769e-02
6.960611790418624878e-02
6.951797008514404297e-02
6.943000853061676025e-02
6.934224069118499756e-02
6.925465911626815796e-02
6.916726380586624146e-02
6.908004730939865112e-02
6.899317353963851929e-02
6.890673190355300903e-02
6.882063299417495728e-02
6.873501092195510864e-02
6.864971667528152466e-02
6.856472045183181763e-02
6.848000735044479370e-02
6.839554756879806519e-02
6.831131875514984131e-02
6.822732836008071899e-02
6.814355403184890747e-02
6.805996596813201904e-02
6.797659397125244141e-02
6.789340823888778687e-02
6.781041622161865234e-02
