5.784384608268737793e-01
5.697006583213806152e-01
5.611330866813659668e-01
5.527335405349731445e-01
5.444999933242797852e-01
5.364301800727844238e-01
7.002244591712951660e-01
7.798217535018920898e-01
8.183338642120361328e-01
8.369378447532653809e-01
8.459377288818359375e-01
8.314166665077209473e-01
8.171435594558715820e-01
8.031173944473266602e-01
7.893375158309936523e-01
7.758035063743591309e-01
7.625132203102111816e-01
7.494646906852722168e-01
7.366575002670288086e-01
7.240905761718750000e-01
7.117617130279541016e-01
6.996705532073974609e-01
6.878135204315185547e-01
6.761882901191711426e-01
6.647923588752746582e-01
6.536236405372619629e-01
6.426804065704345703e-01
6.319594383239746094e-01
6.214579343795776367e-01
6.111731529235839844e-01
6.011028289794921875e-01
5.912436842918395996e-01
5.815928578376770020e-01
5.721471905708312988e-01
5.629037022590637207e-01
5.538592934608459473e-01
5.450109243392944336e-01
5.363555550575256348e-01
5.278900265693664551e-01
5.196116566658020020e-01
5.115169286727905273e-01
5.036029815673828125e-01
4.958665966987609863e-01
4.883045852184295654e-01
4.809147715568542480e-01
4.736942648887634277e-01
4.666405618190765381e-01
4.597501456737518311e-01
4.530196785926818848e-01
4.464460313320159912e-01
4.400259554386138916e-01
4.337566196918487549e-01
4.276346862316131592e-01
4.216571450233459473e-01
4.158207774162292480e-01
4.101227819919586182e-01
4.045613408088684082e-01
3.991326987743377686e-01
3.938341438770294189e-01
3.886631727218627930e-01
3.836168944835662842e-01
3.786922693252563477e-01
3.738864362239837646e-01
3.691965043544769287e-01
3.646202683448791504e-01
3.601547777652740479e-01
3.557972311973571777e-01
3.515451550483703613e-01
3.473959267139434814e-01
3.433468043804168701e-01
3.393959403038024902e-01
3.355419933795928955e-01
3.317823410034179688e-01
3.281143903732299805e-01
3.245360553264617920e-01
3.210449814796447754e-01
3.176385760307312012e-01
3.143148124217987061e-01
3.110712766647338867e-01
3.079057335853576660e-01
3.048162758350372314e-01
3.018009066581726074e-01
2.988576292991638184e-01
2.959851622581481934e-01
2.931814491748809814e-01
2.904447317123413086e-01
2.877728343009948730e-01
2.851639389991760254e-01
2.826169133186340332e-01
2.801299691200256348e-01
2.777009904384613037e-01
2.753283977508544922e-01
2.730105221271514893e-01
2.707455754280090332e-01
2.685321271419525146e-01
2.663684785366058350e-01
2.642529904842376709e-01
2.621843218803405762e-01
2.601608932018280029e-01
2.581814229488372803e-01
2.562445104122161865e-01
2.543488442897796631e-01
2.524931430816650391e-01
2.506762444972991943e-01
2.488969117403030396e-01
2.471539080142974854e-01
2.454461157321929932e-01
2.437724471092224121e-01
2.421318441629409790e-01
2.405232191085815430e-01
2.389456033706665039e-01
2.373980283737182617e-01
2.358800321817398071e-01
2.343906760215759277e-01
2.329290062189102173e-01
2.314941436052322388e-01
2.300852537155151367e-01
2.287014871835708618e-01
2.273421734571456909e-01
2.260066717863082886e-01
2.246942371129989624e-01
2.234043031930923462e-01
2.221363782882690430e-01
2.208896130323410034e-01
2.196633666753768921e-01
2.184570133686065674e-01
2.172700017690658569e-01
2.161018103361129761e-01
2.149518132209777832e-01
2.138194590806961060e-01
2.127043157815933228e-01
2.116058319807052612e-01
2.105235010385513306e-01
2.094568312168121338e-01
2.084053903818130493e-01
2.073687613010406494e-01
2.063464671373367310e-01
2.053381502628326416e-01
2.043433785438537598e-01
2.033617943525314331e-01
2.023929953575134277e-01
2.014369517564773560e-01
2.004932165145874023e-01
1.995614916086196899e-01
1.986414194107055664e-01
1.977327018976211548e-01
1.968349814414978027e-01
1.959479898214340210e-01
1.950714588165283203e-01
1.942052990198135376e-01
1.933491080999374390e-01
1.925026774406433105e-01
1.916659027338027954e-01
1.908388286828994751e-01
1.900210529565811157e-01
1.892123073339462280e-01
1.884123831987380981e-01
1.876210421323776245e-01
1.868386566638946533e-01
1.860648095607757568e-01
1.852991878986358643e-01
1.845416575670242310e-01
1.837919652462005615e-01
1.830499321222305298e-01
1.823153644800186157e-01
1.815880984067916870e-01
1.808679401874542236e-01
1.801550388336181641e-01
1.794496476650238037e-01
1.787513196468353271e-01
1.780598163604736328e-01
1.773749887943267822e-01
1.766967028379440308e-01
1.760247498750686646e-01
1.753590255975723267e-01
1.746994107961654663e-01
1.740457415580749512e-01
1.733980029821395874e-01
1.727560907602310181e-01
1.721200942993164062e-01
1.714897602796554565e-01
1.708649545907974243e-01
1.702455580234527588e-01
1.696315854787826538e-01
1.690228134393692017e-01
1.684191673994064331e-01
1.678205281496047974e-01
1.672268211841583252e-01
1.666380017995834351e-01
1.660539656877517700e-01
1.654745787382125854e-01
1.648997813463211060e-01
1.643294543027877808e-01
1.637635231018066406e-01
1.632019281387329102e-01
1.626445353031158447e-01
1.620913147926330566e-01
1.615422517061233521e-01
1.609977930784225464e-01
1.604581177234649658e-01
1.599228084087371826e-01
1.593917608261108398e-01
1.588649302721023560e-01
1.583424657583236694e-01
1.578241139650344849e-01
1.573097854852676392e-01
1.567994058132171631e-01
1.562929153442382812e-01
1.557902842760086060e-01
1.552913486957550049e-01
