4.060969352722167969e-01
4.009587764739990234e-01
3.959349393844604492e-01
3.910234868526458740e-01
3.862223923206329346e-01
3.815290629863739014e-01
6.213864684104919434e-01
7.384400963783264160e-01
7.952800989151000977e-01
8.228189945220947266e-01
8.361876010894775391e-01
8.190290331840515137e-01
8.022587895393371582e-01
7.858715653419494629e-01
7.698637247085571289e-01
7.542282342910766602e-01
7.389594912528991699e-01
7.240539193153381348e-01
7.095050811767578125e-01
6.953093409538269043e-01
6.814591288566589355e-01
6.679480671882629395e-01
6.547701358795166016e-01
6.419206857681274414e-01
6.293929815292358398e-01
6.171807646751403809e-01
6.052779555320739746e-01
5.936789512634277344e-01
5.823772549629211426e-01
5.713667273521423340e-01
5.606412291526794434e-01
5.501946806907653809e-01
5.400211811065673828e-01
5.301147103309631348e-01
5.204697251319885254e-01
5.110802650451660156e-01
5.019407272338867188e-01
4.930453598499298096e-01
4.843884706497192383e-01
4.759655892848968506e-01
4.677720665931701660e-01
4.598022997379302979e-01
4.520505666732788086e-01
4.445113241672515869e-01
4.371792674064636230e-01
4.300494194030761719e-01
4.231163561344146729e-01
4.163750112056732178e-01
4.098204374313354492e-01
4.034490585327148438e-01
3.972554206848144531e-01
3.912349939346313477e-01
3.853836357593536377e-01
3.796966075897216797e-01
3.741692006587982178e-01
3.687968850135803223e-01
3.635758161544799805e-01
3.585016727447509766e-01
3.535700440406799316e-01
3.487771451473236084e-01
3.441187441349029541e-01
3.395911455154418945e-01
3.351922035217285156e-01
3.309181034564971924e-01
3.267649114131927490e-01
3.227293789386749268e-01
3.188078403472900391e-01
3.149966597557067871e-01
3.112924993038177490e-01
3.076918423175811768e-01
3.041918277740478516e-01
3.007892668247222900e-01
2.974814474582672119e-01
2.942661046981811523e-01
2.911401987075805664e-01
2.881008386611938477e-01
2.851450443267822266e-01
2.822707891464233398e-01
2.794755399227142334e-01
2.767563462257385254e-01
2.741107940673828125e-01
2.715363800525665283e-01
2.690306305885314941e-01
2.665912806987762451e-01
2.642158865928649902e-01
2.619022428989410400e-01
2.596481740474700928e-01
2.574517130851745605e-01
2.553108632564544678e-01
2.532236278057098389e-01
2.511882185935974121e-01
2.492028325796127319e-01
2.472656667232513428e-01
2.453749924898147583e-01
2.435291707515716553e-01
2.417266368865966797e-01
2.399658262729644775e-01
2.382453382015228271e-01
2.365637421607971191e-01
2.349203526973724365e-01
2.333134859800338745e-01
2.317418903112411499e-01
2.302042990922927856e-01
2.286994904279708862e-01
2.272263467311859131e-01
2.257839441299438477e-01
2.243711501359939575e-01
2.229871898889541626e-01
2.216311544179916382e-01
2.203019112348556519e-01
2.189985215663909912e-01
2.177200764417648315e-01
2.164657860994338989e-01
2.152348309755325317e-01
2.140263766050338745e-01
2.128397077322006226e-01
2.116740345954895020e-01
2.105286419391632080e-01
2.094028443098068237e-01
2.082960009574890137e-01
2.072074413299560547e-01
2.061365842819213867e-01
2.050828039646148682e-01
2.040455639362335205e-01
2.030242979526519775e-01
2.020185589790344238e-01
2.010280638933181763e-01
2.000523209571838379e-01
1.990908086299896240e-01
1.981430500745773315e-01
1.972085982561111450e-01
1.962870955467224121e-01
1.953780800104141235e-01
1.944812834262847900e-01
1.935963630676269531e-01
1.927229315042495728e-01
1.918606907129287720e-01
1.910097450017929077e-01
1.901695728302001953e-01
1.893398463726043701e-01
1.885202527046203613e-01
1.877104789018630981e-01
1.869107335805892944e-01
1.861206740140914917e-01
1.853399127721786499e-01
1.845681965351104736e-01
1.838052570819854736e-01
1.830508410930633545e-01
1.823047101497650146e-01
1.815666407346725464e-01
1.808364093303680420e-01
1.801141500473022461e-01
1.794000416994094849e-01
1.786935627460479736e-01
1.779945045709609985e-01
1.773026585578918457e-01
1.766178309917449951e-01
1.759398281574249268e-01
1.752685010433197021e-01
1.746036559343338013e-01
1.739451587200164795e-01
1.732929944992065430e-01
1.726469546556472778e-01
1.720072031021118164e-01
1.713733971118927002e-01
1.707453876733779907e-01
1.701230704784393311e-01
1.695063859224319458e-01
1.688951551914215088e-01
1.682892441749572754e-01
1.676885187625885010e-01
1.670929342508316040e-01
1.665024310350418091e-01
1.659168452024459839e-01
1.653360724449157715e-01
1.647599935531616211e-01
1.641885340213775635e-01
1.636216044425964355e-01
1.630590856075286865e-01
1.625009030103683472e-01
1.619469970464706421e-01
1.613973379135131836e-01
1.608526408672332764e-01
1.603126376867294312e-01
1.597770750522613525e-01
1.592458188533782959e-01
1.587189435958862305e-01
1.581964194774627686e-01
1.576780527830123901e-01
1.571637541055679321e-01
1.566534191370010376e-01
1.561470627784729004e-01
1.556445509195327759e-01
1.551457792520523071e-01
1.546506732702255249e-01
1.541591584682464600e-01
1.536712646484375000e-01
1.531868726015090942e-01
1.527059972286224365e-01
1.522285640239715576e-01
1.517544388771057129e-01
1.512838304042816162e-01
1.508165001869201660e-01
1.503525972366333008e-01
1.498920023441314697e-01
1.494346410036087036e-01
1.489806175231933594e-01
1.485297232866287231e-01
1.480819433927536011e-01
1.476371884346008301e-01
