8.567209839820861816e-01
8.432968854904174805e-01
8.300645351409912109e-01
8.170244097709655762e-01
8.041766285896301270e-01
7.915220260620117188e-01
8.254284858703613281e-01
8.417784571647644043e-01
8.496651649475097656e-01
8.534795045852661133e-01
8.553360104560852051e-01
8.420690894126892090e-01
8.289875984191894531e-01
8.160918951034545898e-01
8.033825159072875977e-01
7.908604145050048828e-01
7.785265445709228516e-01
7.663800716400146484e-01
7.544209957122802734e-01
7.426493167877197266e-01
7.310664653778076172e-01
7.196708321571350098e-01
7.084636688232421875e-01
6.974437832832336426e-01
6.866098046302795410e-01
6.759607791900634766e-01
6.654953956604003906e-01
6.552129983901977539e-01
6.451132297515869141e-01
6.351940035820007324e-01
6.254538893699645996e-01
6.158912777900695801e-01
6.065050363540649414e-01
5.972934961318969727e-01
5.882546901702880859e-01
5.793867707252502441e-01
5.706879496574401855e-01
5.621562600135803223e-01
5.537898540496826172e-01
5.455865263938903809e-01
5.375443696975708008e-01
5.296614766120910645e-01
5.219358205795288086e-01
5.143651962280273438e-01
5.069474577903747559e-01
4.996805489063262939e-01
4.925621747970581055e-01
4.855905175209045410e-01
4.787636101245880127e-01
4.720802009105682373e-01
4.655379354953765869e-01
4.591341316699981689e-01
4.528665244579315186e-01
4.467326700687408447e-01
4.407302141189575195e-01
4.348570108413696289e-01
4.291105866432189941e-01
4.234886169433593750e-01
4.179887175559997559e-01
4.126085937023162842e-01
4.073469042778015137e-01
4.022011756896972656e-01
3.971688449382781982e-01
3.922480344772338867e-01
3.874368369579315186e-01
3.827327191829681396e-01
3.781334459781646729e-01
3.736366927623748779e-01
3.692402541637420654e-01
3.649425208568572998e-01
3.607409894466400146e-01
3.566334843635559082e-01
3.526180684566497803e-01
3.486926257610321045e-01
3.448549211025238037e-01
3.411032557487487793e-01
3.374369144439697266e-01
3.338537514209747314e-01
3.303517997264862061e-01
3.269290924072265625e-01
3.235841095447540283e-01
3.203146755695343018e-01
3.171188235282897949e-01
3.139948248863220215e-01
3.109407722949981689e-01
3.079549074172973633e-01
3.050356209278106689e-01
3.021812736988067627e-01
2.993902862071990967e-01
2.966616153717041016e-01
2.939936220645904541e-01
2.913848757743835449e-01
2.888335883617401123e-01
2.863381803035736084e-01
2.838976979255676270e-01
2.815106809139251709e-01
2.791756093502044678e-01
2.768909037113189697e-01
2.746553122997283936e-01
2.724673449993133545e-01
2.703256309032440186e-01
2.682289481163024902e-01
2.661758065223693848e-01
2.641650140285491943e-01
2.621952891349792480e-01
2.602654397487640381e-01
2.583744227886199951e-01
2.565210461616516113e-01
2.547041773796081543e-01
2.529228031635284424e-01
2.511759102344512939e-01
2.494624555110931396e-01
2.477814704179763794e-01
2.461319863796234131e-01
2.445130795240402222e-01
2.429238259792327881e-01
2.413633763790130615e-01
2.398308962583541870e-01
2.383255362510681152e-01
2.368466109037399292e-01
2.353938370943069458e-01
2.339662462472915649e-01
2.325630933046340942e-01
2.311836332082748413e-01
2.298272103071212769e-01
2.284931093454360962e-01
2.271807491779327393e-01
2.258897125720977783e-01
2.246192693710327148e-01
2.233690321445465088e-01
2.221385836601257324e-01
2.209271937608718872e-01
2.197343260049819946e-01
2.185594290494918823e-01
2.174020558595657349e-01
2.162617743015289307e-01
2.151380628347396851e-01
2.140304446220397949e-01
2.129385322332382202e-01
2.118618786334991455e-01
2.108000367879867554e-01
2.097526192665100098e-01
2.087192535400390625e-01
2.076995372772216797e-01
2.066931277513504028e-01
2.056996077299118042e-01
2.047187089920043945e-01
2.037500739097595215e-01
2.027933746576309204e-01
2.018484473228454590e-01
2.009150981903076172e-01
1.999930590391159058e-01
1.990820020437240601e-01
1.981816142797470093e-01
1.972916275262832642e-01
1.964118033647537231e-01
1.955418884754180908e-01
1.946817040443420410e-01
1.938310712575912476e-01
1.929897367954254150e-01
1.921574771404266357e-01
1.913344264030456543e-01
1.905203461647033691e-01
1.897149980068206787e-01
1.889181137084960938e-01
1.881295144557952881e-01
1.873491257429122925e-01
1.865772455930709839e-01
1.858133673667907715e-01
1.850572973489761353e-01
1.843088567256927490e-01
1.835678964853286743e-01
1.828341931104660034e-01
1.821076273918151855e-01
1.813879907131195068e-01
1.806751489639282227e-01
1.799694895744323730e-01
1.792709380388259888e-01
1.785791218280792236e-01
1.778938919305801392e-01
1.772150844335556030e-01
1.765425354242324829e-01
1.758761107921600342e-01
1.752157062292098999e-01
1.745612025260925293e-01
1.739124357700347900e-01
1.732694804668426514e-01
1.726321429014205933e-01
1.720005720853805542e-01
1.713744848966598511e-01
1.707537472248077393e-01
1.701383441686630249e-01
1.695281863212585449e-01
1.689230948686599731e-01
1.683230102062225342e-01
1.677277982234954834e-01
1.671374142169952393e-01
1.665518283843994141e-01
1.659709215164184570e-01
1.653945595026016235e-01
1.648226678371429443e-01
1.642551720142364502e-01
1.636919975280761719e-01
1.631330549716949463e-01
1.625782698392868042e-01
1.620275825262069702e-01
1.614809632301330566e-01
1.609390228986740112e-01
1.604017019271850586e-01
1.598687022924423218e-01
