0.000000000000000000e+00 0.000000000000000000e+00
1.000000000000000000e+00 0.000000000000000000e+00
2.000000000000000000e+00 0.000000000000000000e+00
3.000000000000000000e+00 0.000000000000000000e+00
4.000000000000000000e+00 0.000000000000000000e+00
5.000000000000000000e+00 0.000000000000000000e+00
6.000000000000000000e+00 0.000000000000000000e+00
7.000000000000000000e+00 0.000000000000000000e+00
8.000000000000000000e+00 0.000000000000000000e+00
9.000000000000000000e+00 0.000000000000000000e+00
1.000000000000000000e+01 0.000000000000000000e+00
1.100000000000000000e+01 0.000000000000000000e+00
1.200000000000000000e+01 0.000000000000000000e+00
1.300000000000000000e+01 0.000000000000000000e+00
1.400000000000000000e+01 0.000000000000000000e+00
1.500000000000000000e+01 0.000000000000000000e+00
1.600000000000000000e+01 0.000000000000000000e+00
1.700000000000000000e+01 0.000000000000000000e+00
1.800000000000000000e+01 0.000000000000000000e+00
1.900000000000000000e+01 0.000000000000000000e+00
2.000000000000000000e+01 0.000000000000000000e+00
2.100000000000000000e+01 0.000000000000000000e+00
2.200000000000000000e+01 0.000000000000000000e+00
2.300000000000000000e+01 0.000000000000000000e+00
2.400000000000000000e+01 0.000000000000000000e+00
2.500000000000000000e+01 0.000000000000000000e+00
2.600000000000000000e+01 0.000000000000000000e+00
2.700000000000000000e+01 0.000000000000000000e+00
2.800000000000000000e+01 0.000000000000000000e+00
2.900000000000000000e+01 0.000000000000000000e+00
3.000000000000000000e+01 0.000000000000000000e+00
3.100000000000000000e+01 0.000000000000000000e+00
3.200000000000000000e+01 0.000000000000000000e+00
3.300000000000000000e+01 0.000000000000000000e+00
3.400000000000000000e+01 0.000000000000000000e+00
3.500000000000000000e+01 0.000000000000000000e+00
3.600000000000000000e+01 0.000000000000000000e+00
3.700000000000000000e+01 0.000000000000000000e+00
3.800000000000000000e+01 0.000000000000000000e+00
3.900000000000000000e+01 0.000000000000000000e+00
4.000000000000000000e+01 0.000000000000000000e+00
4.100000000000000000e+01 0.000000000000000000e+00
4.200000000000000000e+01 0.000000000000000000e+00
4.300000000000000000e+01 0.000000000000000000e+00
4.400000000000000000e+01 0.000000000000000000e+00
4.500000000000000000e+01 0.000000000000000000e+00
4.600000000000000000e+01 0.000000000000000000e+00
4.700000000000000000e+01 0.000000000000000000e+00
4.800000000000000000e+01 0.000000000000000000e+00
4.900000000000000000e+01 0.000000000000000000e+00
5.000000000000000000e+01 0.000000000000000000e+00
5.100000000000000000e+01 3.629518132656812668e-01
5.200000000000000000e+01 4.249093197286128998e-01
5.300000000000000000e+01 4.913071468472480774e-01
5.400000000000000000e+01 5.263321436941623688e-01
5.500000000000000000e+01 4.988274797797203064e-01
5.600000000000000000e+01 5.228688083589076996e-01
5.700000000000000000e+01 5.576514936983585358e-01
5.800000000000000000e+01 5.600590184330940247e-01
5.900000000000000000e+01 5.797271355986595154e-01
6.000000000000000000e+01 5.687522627413272858e-01
6.100000000000000000e+01 5.987321808934211731e-01
6.200000000000000000e+01 5.711546093225479126e-01
6.300000000000000000e+01 6.086071729660034180e-01
6.400000000000000000e+01 5.896104164421558380e-01
6.500000000000000000e+01 5.742627009749412537e-01
6.600000000000000000e+01 6.190532371401786804e-01
6.700000000000000000e+01 6.344690546393394470e-01
6.800000000000000000e+01 6.347390040755271912e-01
6.900000000000000000e+01 6.442265585064888000e-01
7.000000000000000000e+01 6.356638297438621521e-01
7.100000000000000000e+01 6.553277596831321716e-01
7.200000000000000000e+01 6.418811753392219543e-01
7.300000000000000000e+01 6.459515392780303955e-01
7.400000000000000000e+01 6.543091237545013428e-01
7.500000000000000000e+01 6.569722443819046021e-01
7.600000000000000000e+01 6.728211343288421631e-01
7.700000000000000000e+01 6.635667234659194946e-01
7.800000000000000000e+01 6.875613257288932800e-01
7.900000000000000000e+01 6.810540109872817993e-01
8.000000000000000000e+01 6.866251975297927856e-01
8.100000000000000000e+01 7.004196718335151672e-01
8.200000000000000000e+01 6.935178786516189575e-01
8.300000000000000000e+01 6.923838183283805847e-01
8.400000000000000000e+01 6.964055150747299194e-01
8.500000000000000000e+01 7.206345871090888977e-01
8.600000000000000000e+01 7.254491448402404785e-01
8.700000000000000000e+01 7.127757295966148376e-01
8.800000000000000000e+01 7.246545851230621338e-01
8.900000000000000000e+01 7.015897780656814575e-01
9.000000000000000000e+01 7.239201068878173828e-01
9.100000000000000000e+01 7.353151366114616394e-01
9.200000000000000000e+01 7.423009574413299561e-01
9.300000000000000000e+01 7.312024831771850586e-01
9.400000000000000000e+01 7.508057206869125366e-01
9.500000000000000000e+01 7.491336688399314880e-01
9.600000000000000000e+01 7.364960461854934692e-01
9.700000000000000000e+01 7.405100986361503601e-01
9.800000000000000000e+01 7.438249289989471436e-01
9.900000000000000000e+01 7.608308270573616028e-01
1.000000000000000000e+02 7.446713149547576904e-01
1.010000000000000000e+02 7.648630514740943909e-01
1.020000000000000000e+02 7.601562663912773132e-01
1.030000000000000000e+02 7.655016258358955383e-01
1.040000000000000000e+02 7.559714168310165405e-01
1.050000000000000000e+02 7.593361660838127136e-01
1.060000000000000000e+02 7.640540301799774170e-01
1.070000000000000000e+02 7.647144496440887451e-01
1.080000000000000000e+02 7.845169156789779663e-01
1.090000000000000000e+02 7.892951145768165588e-01
1.100000000000000000e+02 7.926487401127815247e-01
1.110000000000000000e+02 7.954828813672065735e-01
1.120000000000000000e+02 7.980479896068572998e-01
1.130000000000000000e+02 8.004533201456069946e-01
1.140000000000000000e+02 8.027519285678863525e-01
1.150000000000000000e+02 8.049712777137756348e-01
1.160000000000000000e+02 8.071264848113059998e-01
1.170000000000000000e+02 8.044960200786590576e-01
1.180000000000000000e+02 8.081197068095207214e-01
1.190000000000000000e+02 8.111356273293495178e-01
1.200000000000000000e+02 8.074078187346458435e-01
1.210000000000000000e+02 8.134499415755271912e-01
1.220000000000000000e+02 7.887657359242439270e-01
1.230000000000000000e+02 8.080851584672927856e-01
1.240000000000000000e+02 8.057183623313903809e-01
1.250000000000000000e+02 8.135049939155578613e-01
1.260000000000000000e+02 8.203052580356597900e-01
1.270000000000000000e+02 8.241598084568977356e-01
1.280000000000000000e+02 8.201713189482688904e-01
1.290000000000000000e+02 8.189969137310981750e-01
1.300000000000000000e+02 8.123985677957534790e-01
1.310000000000000000e+02 8.146785050630569458e-01
1.320000000000000000e+02 8.123356103897094727e-01
1.330000000000000000e+02 8.306406736373901367e-01
1.340000000000000000e+02 8.293951973319053650e-01
1.350000000000000000e+02 8.348741084337234497e-01
1.360000000000000000e+02 8.379296883940696716e-01
1.370000000000000000e+02 8.356869146227836609e-01
1.380000000000000000e+02 8.301595821976661682e-01
1.390000000000000000e+02 8.336955755949020386e-01
1.400000000000000000e+02 8.345117866992950439e-01
1.410000000000000000e+02 8.408445194363594055e-01
1.420000000000000000e+02 8.348490074276924133e-01
1.430000000000000000e+02 8.453923463821411133e-01
1.440000000000000000e+02 8.482351526618003845e-01
1.450000000000000000e+02 8.297692537307739258e-01
1.460000000000000000e+02 8.463411629199981689e-01
1.470000000000000000e+02 8.503776341676712036e-01
1.480000000000000000e+02 8.525667563080787659e-01
1.490000000000000000e+02 8.457009792327880859e-01
1.500000000000000000e+02 8.461808040738105774e-01
1.510000000000000000e+02 8.498362302780151367e-01
1.520000000000000000e+02 8.421840816736221313e-01
1.530000000000000000e+02 8.523863479495048523e-01
1.540000000000000000e+02 8.463340923190116882e-01
1.550000000000000000e+02 8.498585224151611328e-01
1.560000000000000000e+02 8.563022464513778687e-01
1.570000000000000000e+02 8.299293369054794312e-01
1.580000000000000000e+02 8.503639772534370422e-01
1.590000000000000000e+02 8.540989458560943604e-01
1.600000000000000000e+02 8.596175387501716614e-01
1.610000000000000000e+02 8.625914901494979858e-01
1.620000000000000000e+02 8.644952178001403809e-01
1.630000000000000000e+02 8.578401654958724976e-01
1.640000000000000000e+02 8.626766502857208252e-01
1.650000000000000000e+02 8.654583618044853210e-01
1.660000000000000000e+02 8.672883287072181702e-01
1.670000000000000000e+02 8.637158870697021484e-01
1.680000000000000000e+02 8.507152795791625977e-01
1.690000000000000000e+02 8.631876558065414429e-01
1.700000000000000000e+02 8.554614931344985962e-01
1.710000000000000000e+02 8.680114373564720154e-01
1.720000000000000000e+02 8.635279685258865356e-01
1.730000000000000000e+02 8.671378046274185181e-01
1.740000000000000000e+02 8.715989440679550171e-01
1.750000000000000000e+02 8.736052289605140686e-01
1.760000000000000000e+02 1.489009410142898560e-01
1.770000000000000000e+02 -5.837525427341461182e-02
1.780000000000000000e+02 -1.498374603688716888e-01
1.790000000000000000e+02 -2.003629244863986969e-01
1.800000000000000000e+02 -2.330557182431221008e-01
1.810000000000000000e+02 -2.569777183234691620e-01
1.820000000000000000e+02 -2.762175947427749634e-01
1.830000000000000000e+02 -2.927875816822052002e-01
1.840000000000000000e+02 -3.077370151877403259e-01
1.850000000000000000e+02 -3.216367959976196289e-01
1.860000000000000000e+02 -3.348082266747951508e-01
1.870000000000000000e+02 -3.474375717341899872e-01
1.880000000000000000e+02 -3.596358560025691986e-01
1.890000000000000000e+02 -3.714712224900722504e-01
1.900000000000000000e+02 -3.829869180917739868e-01
1.910000000000000000e+02 -1.779842004179954529e-01
1.920000000000000000e+02 -4.392403364181518555e-02
1.930000000000000000e+02 4.208106212317943573e-01
1.940000000000000000e+02 5.601559579372406006e-01
1.950000000000000000e+02 4.811264332383871078e-01
1.960000000000000000e+02 4.305326566100120544e-01
1.970000000000000000e+02 3.972111716866493225e-01
1.980000000000000000e+02 3.746483754366636276e-01
1.990000000000000000e+02 3.589526116847991943e-01
2.000000000000000000e+02 3.477422762662172318e-01
2.010000000000000000e+02 3.395250849425792694e-01
2.020000000000000000e+02 3.333444092422723770e-01
2.030000000000000000e+02 3.285737857222557068e-01
2.040000000000000000e+02 3.247947432100772858e-01
2.050000000000000000e+02 3.217226825654506683e-01
2.060000000000000000e+02 3.191608525812625885e-01
2.070000000000000000e+02 3.169712908565998077e-01
2.080000000000000000e+02 3.150559682399034500e-01
2.090000000000000000e+02 3.133445046842098236e-01
2.100000000000000000e+02 3.117858283221721649e-01
2.110000000000000000e+02 3.103425353765487671e-01
2.120000000000000000e+02 3.089870940893888474e-01
2.130000000000000000e+02 3.076990656554698944e-01
2.140000000000000000e+02 3.064631856977939606e-01
2.150000000000000000e+02 3.052680259570479393e-01
2.160000000000000000e+02 3.041049558669328690e-01
2.170000000000000000e+02 3.029674757272005081e-01
2.180000000000000000e+02 3.018506439402699471e-01
2.190000000000000000e+02 3.007506905123591423e-01
2.200000000000000000e+02 2.996647506952285767e-01
2.210000000000000000e+02 2.985906377434730530e-01
2.220000000000000000e+02 2.975266668945550919e-01
2.230000000000000000e+02 2.964715352281928062e-01
2.240000000000000000e+02 2.954242471605539322e-01
2.250000000000000000e+02 2.943840408697724342e-01
2.260000000000000000e+02 2.933502914384007454e-01
2.270000000000000000e+02 2.923225583508610725e-01
2.280000000000000000e+02 2.913004644215106964e-01
2.290000000000000000e+02 2.902837162837386131e-01
2.300000000000000000e+02 2.892720950767397881e-01
2.310000000000000000e+02 2.882654257118701935e-01
2.320000000000000000e+02 2.872635452076792717e-01
2.330000000000000000e+02 2.862663455307483673e-01
2.340000000000000000e+02 2.852737316861748695e-01
2.350000000000000000e+02 2.842856189236044884e-01
2.360000000000000000e+02 2.833019448444247246e-01
2.370000000000000000e+02 2.823226507753133774e-01
2.380000000000000000e+02 2.813476780429482460e-01
2.390000000000000000e+02 2.803769903257489204e-01
2.400000000000000000e+02 2.794105503708124161e-01
2.410000000000000000e+02 2.784483181312680244e-01
2.420000000000000000e+02 2.774902600795030594e-01
2.430000000000000000e+02 2.765363464131951332e-01
2.440000000000000000e+02 2.755865538492798805e-01
2.450000000000000000e+02 2.746408535167574883e-01
2.460000000000000000e+02 2.736992109566926956e-01
2.470000000000000000e+02 2.727616094052791595e-01
2.480000000000000000e+02 2.718280190601944923e-01
2.490000000000000000e+02 2.708984268829226494e-01
2.500000000000000000e+02 2.699728002771735191e-01
2.510000000000000000e+02 2.690511150285601616e-01
2.520000000000000000e+02 2.681333515793085098e-01
2.530000000000000000e+02 2.672194866463541985e-01
2.540000000000000000e+02 2.663094988092780113e-01
2.550000000000000000e+02 2.654033647850155830e-01
2.560000000000000000e+02 2.645010733976960182e-01
2.570000000000000000e+02 2.636025920510292053e-01
2.580000000000000000e+02 2.627079142257571220e-01
2.590000000000000000e+02 2.618169933557510376e-01
2.600000000000000000e+02 2.609298359602689743e-01
2.610000000000000000e+02 2.600464057177305222e-01
2.620000000000000000e+02 2.591666923835873604e-01
2.630000000000000000e+02 2.582906596362590790e-01
2.640000000000000000e+02 2.574183000251650810e-01
2.650000000000000000e+02 2.565495939925312996e-01
2.660000000000000000e+02 2.556845229119062424e-01
2.670000000000000000e+02 2.548230625689029694e-01
2.680000000000000000e+02 2.539651934057474136e-01
2.690000000000000000e+02 2.531108967959880829e-01
2.700000000000000000e+02 2.522601522505283356e-01
2.710000000000000000e+02 2.514129439368844032e-01
2.720000000000000000e+02 2.505692560225725174e-01
2.730000000000000000e+02 2.497290642932057381e-01
2.740000000000000000e+02 2.488923547789454460e-01
2.750000000000000000e+02 2.480591041967272758e-01
2.760000000000000000e+02 2.472292985767126083e-01
2.770000000000000000e+02 2.464029155671596527e-01
2.780000000000000000e+02 2.455799421295523643e-01
2.790000000000000000e+02 2.447603540495038033e-01
2.800000000000000000e+02 2.439441354945302010e-01
2.810000000000000000e+02 2.431312715634703636e-01
2.820000000000000000e+02 2.423217389732599258e-01
2.830000000000000000e+02 2.415155265480279922e-01
2.840000000000000000e+02 2.407126147300004959e-01
2.850000000000000000e+02 2.399129890836775303e-01
2.860000000000000000e+02 2.391166249290108681e-01
2.870000000000000000e+02 2.383235092274844646e-01
2.880000000000000000e+02 2.375336294062435627e-01
2.890000000000000000e+02 2.367469663731753826e-01
2.900000000000000000e+02 2.359635038301348686e-01
2.910000000000000000e+02 2.351832236163318157e-01
2.920000000000000000e+02 2.344061015173792839e-01
2.930000000000000000e+02 2.336321361362934113e-01
2.940000000000000000e+02 2.328613037243485451e-01
2.950000000000000000e+02 2.320935823954641819e-01
2.960000000000000000e+02 2.313289595767855644e-01
2.970000000000000000e+02 2.305674268864095211e-01
2.980000000000000000e+02 2.298089624382555485e-01
2.990000000000000000e+02 2.290535466745495796e-01
3.000000000000000000e+02 2.283011693507432938e-01
3.010000000000000000e+02 2.275518146343529224e-01
3.020000000000000000e+02 2.268054685555398464e-01
3.030000000000000000e+02 2.260621115565299988e-01
3.040000000000000000e+02 2.253217319957911968e-01
3.050000000000000000e+02 2.245843140408396721e-01
3.060000000000000000e+02 2.238498385995626450e-01
3.070000000000000000e+02 2.231182996183633804e-01
3.080000000000000000e+02 2.223896742798388004e-01
3.090000000000000000e+02 2.216639504767954350e-01
3.100000000000000000e+02 2.209411114454269409e-01
3.110000000000000000e+02 2.202211455442011356e-01
3.120000000000000000e+02 2.195040360093116760e-01
3.130000000000000000e+02 2.187897730618715286e-01
3.140000000000000000e+02 2.180783362127840519e-01
3.150000000000000000e+02 2.173697161488234997e-01
3.160000000000000000e+02 2.166638956405222416e-01
3.170000000000000000e+02 2.159608658403158188e-01
3.180000000000000000e+02 2.152606099843978882e-01
3.190000000000000000e+02 2.145631075836718082e-01
3.200000000000000000e+02 2.138683530502021313e-01
3.210000000000000000e+02 2.131763319484889507e-01
3.220000000000000000e+02 2.124870261177420616e-01
3.230000000000000000e+02 2.118004225194454193e-01
3.240000000000000000e+02 2.111165127716958523e-01
3.250000000000000000e+02 2.104352819733321667e-01
3.260000000000000000e+02 2.097567175514996052e-01
3.270000000000000000e+02 2.090808055363595486e-01
3.280000000000000000e+02 2.084075310267508030e-01
3.290000000000000000e+02 2.077368800528347492e-01
3.300000000000000000e+02 2.070688423700630665e-01
3.310000000000000000e+02 2.064034054055809975e-01
3.320000000000000000e+02 2.057405589148402214e-01
3.330000000000000000e+02 2.050802852027118206e-01
3.340000000000000000e+02 2.044225735589861870e-01
3.350000000000000000e+02 2.037674104794859886e-01
3.360000000000000000e+02 2.031147852540016174e-01
3.370000000000000000e+02 2.024646843783557415e-01
3.380000000000000000e+02 2.018170938827097416e-01
3.390000000000000000e+02 2.011720058508217335e-01
