0.000000000000000000e+00 0.000000000000000000e+00
1.000000000000000000e+00 0.000000000000000000e+00
2.000000000000000000e+00 0.000000000000000000e+00
3.000000000000000000e+00 0.000000000000000000e+00
4.000000000000000000e+00 0.000000000000000000e+00
5.000000000000000000e+00 0.000000000000000000e+00
6.000000000000000000e+00 0.000000000000000000e+00
7.000000000000000000e+00 0.000000000000000000e+00
8.000000000000000000e+00 0.000000000000000000e+00
9.000000000000000000e+00 0.000000000000000000e+00
1.000000000000000000e+01 0.000000000000000000e+00
1.100000000000000000e+01 0.000000000000000000e+00
1.200000000000000000e+01 0.000000000000000000e+00
1.300000000000000000e+01 0.000000000000000000e+00
1.400000000000000000e+01 0.000000000000000000e+00
1.500000000000000000e+01 0.000000000000000000e+00
1.600000000000000000e+01 0.000000000000000000e+00
1.700000000000000000e+01 0.000000000000000000e+00
1.800000000000000000e+01 0.000000000000000000e+00
1.900000000000000000e+01 0.000000000000000000e+00
2.000000000000000000e+01 0.000000000000000000e+00
2.100000000000000000e+01 0.000000000000000000e+00
2.200000000000000000e+01 0.000000000000000000e+00
2.300000000000000000e+01 0.000000000000000000e+00
2.400000000000000000e+01 0.000000000000000000e+00
2.500000000000000000e+01 0.000000000000000000e+00
2.600000000000000000e+01 0.000000000000000000e+00
2.700000000000000000e+01 0.000000000000000000e+00
2.800000000000000000e+01 0.000000000000000000e+00
2.900000000000000000e+01 0.000000000000000000e+00
3.000000000000000000e+01 0.000000000000000000e+00
3.100000000000000000e+01 0.000000000000000000e+00
3.200000000000000000e+01 0.000000000000000000e+00
3.300000000000000000e+01 0.000000000000000000e+00
3.400000000000000000e+01 0.000000000000000000e+00
3.500000000000000000e+01 0.000000000000000000e+00
3.600000000000000000e+01 0.000000000000000000e+00
3.700000000000000000e+01 0.000000000000000000e+00
3.800000000000000000e+01 0.000000000000000000e+00
3.900000000000000000e+01 0.000000000000000000e+00
4.000000000000000000e+01 0.000000000000000000e+00
4.100000000000000000e+01 0.000000000000000000e+00
4.200000000000000000e+01 0.000000000000000000e+00
4.300000000000000000e+01 0.000000000000000000e+00
4.400000000000000000e+01 0.000000000000000000e+00
4.500000000000000000e+01 0.000000000000000000e+00
4.600000000000000000e+01 0.000000000000000000e+00
4.700000000000000000e+01 0.000000000000000000e+00
4.800000000000000000e+01 0.000000000000000000e+00
4.900000000000000000e+01 0.000000000000000000e+00
5.000000000000000000e+01 0.000000000000000000e+00
5.100000000000000000e+01 1.307091993149731846e-01
5.200000000000000000e+01 2.320398273631779085e-01
5.300000000000000000e+01 3.010668688709511320e-01
5.400000000000000000e+01 3.549594325926521687e-01
5.500000000000000000e+01 3.995006984949663886e-01
5.600000000000000000e+01 4.375403181797153374e-01
5.700000000000000000e+01 4.706887863595671240e-01
5.800000000000000000e+01 4.999404216988163618e-01
5.900000000000000000e+01 5.259941501115621421e-01
6.000000000000000000e+01 5.493546491047753833e-01
6.100000000000000000e+01 5.704091745043081696e-01
6.200000000000000000e+01 5.894702101091421342e-01
6.300000000000000000e+01 6.067929057520453640e-01
6.400000000000000000e+01 6.225896258534346916e-01
6.500000000000000000e+01 6.370369782826938998e-01
6.600000000000000000e+01 6.502860038130706677e-01
6.700000000000000000e+01 6.624676603480590398e-01
6.800000000000000000e+01 6.736945389656763261e-01
6.900000000000000000e+01 6.840652480156763637e-01
7.000000000000000000e+01 6.936646845957782359e-01
7.100000000000000000e+01 7.025680449198001831e-01
7.200000000000000000e+01 7.108409676008471401e-01
7.300000000000000000e+01 7.185413447876585202e-01
7.400000000000000000e+01 7.257206651824603671e-01
7.500000000000000000e+01 7.324246548621177189e-01
7.600000000000000000e+01 7.386940431241977301e-01
7.700000000000000000e+01 7.445652114721550419e-01
7.800000000000000000e+01 7.500707490333548000e-01
7.900000000000000000e+01 7.552399694997991020e-01
8.000000000000000000e+01 7.600991497321938350e-01
8.100000000000000000e+01 7.646720639434579914e-01
8.200000000000000000e+01 7.689802150777562684e-01
8.300000000000000000e+01 7.730430947582688228e-01
8.400000000000000000e+01 7.768784089137523718e-01
8.500000000000000000e+01 7.805022741588047985e-01
8.600000000000000000e+01 7.839293891782243007e-01
8.700000000000000000e+01 7.871731846874397975e-01
8.800000000000000000e+01 7.902459549803533267e-01
8.900000000000000000e+01 7.931589736107949040e-01
9.000000000000000000e+01 7.959225953665282072e-01
9.100000000000000000e+01 7.985463463712737520e-01
9.200000000000000000e+01 8.010390038792332135e-01
9.300000000000000000e+01 8.034086670989343260e-01
9.400000000000000000e+01 8.056628201914683984e-01
9.500000000000000000e+01 8.078083884262593495e-01
9.600000000000000000e+01 8.098517883404484641e-01
9.700000000000000000e+01 8.117989726316821031e-01
9.800000000000000000e+01 8.136554704152056949e-01
9.900000000000000000e+01 8.154264233918877558e-01
1.000000000000000000e+02 8.171166184018078260e-01
1.010000000000000000e+02 8.187305167764395986e-01
1.020000000000000000e+02 8.202722808495941376e-01
1.030000000000000000e+02 8.217457979418759662e-01
1.040000000000000000e+02 8.231547020942615589e-01
1.050000000000000000e+02 8.245023937926464486e-01
1.060000000000000000e+02 8.257920578959914160e-01
1.070000000000000000e+02 8.270266799553895876e-01
1.080000000000000000e+02 8.282090610893886318e-01
1.090000000000000000e+02 8.293418315617850922e-01
1.100000000000000000e+02 8.304274631914263516e-01
1.110000000000000000e+02 8.314682807089958105e-01
1.120000000000000000e+02 8.324664721630113950e-01
1.130000000000000000e+02 8.334240984660873375e-01
1.140000000000000000e+02 8.343431021626968036e-01
1.150000000000000000e+02 8.352253154910276312e-01
1.160000000000000000e+02 8.360724678039068714e-01
1.170000000000000000e+02 8.368861924070446490e-01
1.180000000000000000e+02 8.376680328668864028e-01
1.190000000000000000e+02 8.384194488350960039e-01
1.200000000000000000e+02 8.391418214319981139e-01
1.210000000000000000e+02 8.398364582271540257e-01
1.220000000000000000e+02 8.405045978515218730e-01
1.230000000000000000e+02 8.411474142723567304e-01
1.240000000000000000e+02 8.417660207590406118e-01
1.250000000000000000e+02 8.423614735653915941e-01
1.260000000000000000e+02 8.429347753516311936e-01
1.270000000000000000e+02 8.434868783670634862e-01
1.280000000000000000e+02 8.440186874126093253e-01
1.290000000000000000e+02 8.445310626006223842e-01
1.300000000000000000e+02 8.450248219278633233e-01
1.310000000000000000e+02 8.455007436761198258e-01
1.320000000000000000e+02 8.459595686536923731e-01
1.330000000000000000e+02 8.464020022898339768e-01
1.340000000000000000e+02 8.468287165931984717e-01
1.350000000000000000e+02 8.472403519844188269e-01
1.360000000000000000e+02 8.476375190120938319e-01
1.370000000000000000e+02 8.480207999606890201e-01
1.380000000000000000e+02 8.483907503581633591e-01
1.390000000000000000e+02 8.487479003904974117e-01
1.400000000000000000e+02 8.490927562297205800e-01
1.410000000000000000e+02 8.494258012815090186e-01
1.420000000000000000e+02 8.497474973579464130e-01
1.430000000000000000e+02 8.500582857806013859e-01
1.440000000000000000e+02 8.503585884186729560e-01
1.450000000000000000e+02 8.506488086665959791e-01
1.460000000000000000e+02 8.509293323651535568e-01
1.470000000000000000e+02 8.512005286698491879e-01
1.480000000000000000e+02 8.514627508699987857e-01
1.490000000000000000e+02 8.517163371617546552e-01
1.500000000000000000e+02 8.519616113780317246e-01
1.510000000000000000e+02 8.521988836780896026e-01
1.520000000000000000e+02 8.524284511993279745e-01
1.530000000000000000e+02 8.526505986736669929e-01
1.540000000000000000e+02 8.528655990107132379e-01
1.550000000000000000e+02 8.530737138497621608e-01
1.560000000000000000e+02 8.532751940825402670e-01
1.570000000000000000e+02 8.534702803484576217e-01
1.580000000000000000e+02 8.536592035040246884e-01
1.590000000000000000e+02 8.538421850679673852e-01
1.600000000000000000e+02 8.540194376434785406e-01
1.610000000000000000e+02 8.541911653189393494e-01
1.620000000000000000e+02 8.543575640483629385e-01
1.630000000000000000e+02 8.545188220127244438e-01
1.640000000000000000e+02 8.546751199632713902e-01
1.650000000000000000e+02 8.548266315478270094e-01
1.660000000000000000e+02 8.549735236210505018e-01
1.670000000000000000e+02 8.551159565395386464e-01
1.680000000000000000e+02 8.552540844426105293e-01
1.690000000000000000e+02 8.553880555195587654e-01
1.700000000000000000e+02 8.555180122641032892e-01
1.710000000000000000e+02 8.556440917167360549e-01
1.720000000000000000e+02 8.557664256956074578e-01
1.730000000000000000e+02 8.558851410165628781e-01
1.740000000000000000e+02 8.560003597028985611e-01
1.750000000000000000e+02 8.561121991853795077e-01
1.760000000000000000e+02 2.501894358878723468e-01
1.770000000000000000e+02 1.853433645766149884e-01
1.780000000000000000e+02 1.275766390572412035e-01
1.790000000000000000e+02 7.482215006759490583e-02
1.800000000000000000e+02 2.722656908285538829e-02
1.810000000000000000e+02 -1.671104113600097030e-02
1.820000000000000000e+02 -5.782469480962090791e-02
1.830000000000000000e+02 -9.665286757661681327e-02
1.840000000000000000e+02 -1.333778675669798908e-01
1.850000000000000000e+02 -1.682624763724336336e-01
1.860000000000000000e+02 -2.013723732562601731e-01
1.870000000000000000e+02 -2.327249369945259549e-01
1.880000000000000000e+02 -2.623906303238122684e-01
1.890000000000000000e+02 -2.904016850852939036e-01
1.900000000000000000e+02 -3.168113498885698487e-01
1.910000000000000000e+02 -1.285595366088993496e-01
1.920000000000000000e+02 -3.114169034435606068e-02
1.930000000000000000e+02 5.041069803014801565e-01
1.940000000000000000e+02 5.914182715577794847e-01
1.950000000000000000e+02 4.901957169551989235e-01
1.960000000000000000e+02 4.341649519583622996e-01
1.970000000000000000e+02 3.989479328391451474e-01
1.980000000000000000e+02 3.746998342395288506e-01
1.990000000000000000e+02 3.570153037823166065e-01
2.000000000000000000e+02 3.435415691288810636e-01
2.010000000000000000e+02 3.328868327068748023e-01
2.020000000000000000e+02 3.242231598564188633e-01
2.030000000000000000e+02 3.170145957836085771e-01
2.040000000000000000e+02 3.109089218901958107e-01
2.050000000000000000e+02 3.056640583854089988e-01
2.060000000000000000e+02 3.010974048292911487e-01
2.070000000000000000e+02 2.970921010180253563e-01
2.080000000000000000e+02 2.935313740870564292e-01
2.090000000000000000e+02 2.903486501497968830e-01
2.100000000000000000e+02 2.874794520189618008e-01
2.110000000000000000e+02 2.848793249997540467e-01
2.120000000000000000e+02 2.825057715489917021e-01
2.130000000000000000e+02 2.803264768770305504e-01
2.140000000000000000e+02 2.783127670113184071e-01
2.150000000000000000e+02 2.764456938649282325e-01
2.160000000000000000e+02 2.747013922280963083e-01
2.170000000000000000e+02 2.730641980903127930e-01
2.180000000000000000e+02 2.715185045265239294e-01
2.190000000000000000e+02 2.700540496853032213e-01
2.200000000000000000e+02 2.686600454364621027e-01
2.210000000000000000e+02 2.673265577685650096e-01
2.220000000000000000e+02 2.660452647637970847e-01
2.230000000000000000e+02 2.648090139660417286e-01
2.240000000000000000e+02 2.636121034763473925e-01
2.250000000000000000e+02 2.624497930830393955e-01
2.260000000000000000e+02 2.613163092255247899e-01
2.270000000000000000e+02 2.602093323723340679e-01
2.280000000000000000e+02 2.591252387055253958e-01
2.290000000000000000e+02 2.580617404906179191e-01
2.300000000000000000e+02 2.570172780519215383e-01
2.310000000000000000e+02 2.559901966115200045e-01
2.320000000000000000e+02 2.549789902982315670e-01
2.330000000000000000e+02 2.539825106435987245e-01
2.340000000000000000e+02 2.529998165048544800e-01
2.350000000000000000e+02 2.520298004237265799e-01
2.360000000000000000e+02 2.510713007444718148e-01
2.370000000000000000e+02 2.501239608965843408e-01
2.380000000000000000e+02 2.491871302014261047e-01
2.390000000000000000e+02 2.482606207168553403e-01
2.400000000000000000e+02 2.473438637550211816e-01
2.410000000000000000e+02 2.464369285089933748e-01
2.420000000000000000e+02 2.455395833655169002e-01
2.430000000000000000e+02 2.446515263315484912e-01
2.440000000000000000e+02 2.437722976639267181e-01
2.450000000000000000e+02 2.429013096766620694e-01
2.460000000000000000e+02 2.420377280951710175e-01
2.470000000000000000e+02 2.411819332112677405e-01
2.480000000000000000e+02 2.403340329906228923e-01
2.490000000000000000e+02 2.394936874049917730e-01
2.500000000000000000e+02 2.386604605525555756e-01
2.510000000000000000e+02 2.378344980672920939e-01
2.520000000000000000e+02 2.370158789026017288e-01
2.530000000000000000e+02 2.362049158061180765e-01
2.540000000000000000e+02 2.354018617763992127e-01
2.550000000000000000e+02 2.346067516070243220e-01
2.560000000000000000e+02 2.338192810745868266e-01
2.570000000000000000e+02 2.330393128288232030e-01
2.580000000000000000e+02 2.322666498241462707e-01
2.590000000000000000e+02 2.315010674128384904e-01
2.600000000000000000e+02 2.307424114867446530e-01
2.610000000000000000e+02 2.299905789315866977e-01
2.620000000000000000e+02 2.292455245951079967e-01
2.630000000000000000e+02 2.285073208535440825e-01
2.640000000000000000e+02 2.277757129700093697e-01
2.650000000000000000e+02 2.270501464963891047e-01
2.660000000000000000e+02 2.263307243150274317e-01
2.670000000000000000e+02 2.256171525064445960e-01
2.680000000000000000e+02 2.249091143600969178e-01
2.690000000000000000e+02 2.242070777243579671e-01
2.700000000000000000e+02 2.235116646457090683e-01
2.710000000000000000e+02 2.228226661625123950e-01
2.720000000000000000e+02 2.221396407526770034e-01
2.730000000000000000e+02 2.214622885606544189e-01
2.740000000000000000e+02 2.207904766866436164e-01
2.750000000000000000e+02 2.201242292162514935e-01
2.760000000000000000e+02 2.194635498784761052e-01
2.770000000000000000e+02 2.188085116179835921e-01
2.780000000000000000e+02 2.181589169073707979e-01
2.790000000000000000e+02 2.175147109361373343e-01
2.800000000000000000e+02 2.168758262810990822e-01
2.810000000000000000e+02 2.162422416623932531e-01
2.820000000000000000e+02 2.156141054000839385e-01
2.830000000000000000e+02 2.149912382559352464e-01
2.840000000000000000e+02 2.143734918282089452e-01
2.850000000000000000e+02 2.137602517537950109e-01
2.860000000000000000e+02 2.131515562151749532e-01
2.870000000000000000e+02 2.125475593252061923e-01
2.880000000000000000e+02 2.119482657095370648e-01
2.890000000000000000e+02 2.113534548860436790e-01
2.900000000000000000e+02 2.107628607343133842e-01
2.910000000000000000e+02 2.101765313315188399e-01
2.920000000000000000e+02 2.095946185355661018e-01
2.930000000000000000e+02 2.090170804219019796e-01
2.940000000000000000e+02 2.084438951104735371e-01
2.950000000000000000e+02 2.078751309967964700e-01
2.960000000000000000e+02 2.073109003422452246e-01
2.970000000000000000e+02 2.067509991313809525e-01
2.980000000000000000e+02 2.061952408374558288e-01
2.990000000000000000e+02 2.056436422925168594e-01
3.000000000000000000e+02 2.050960343992030976e-01
3.010000000000000000e+02 2.045524933696435399e-01
3.020000000000000000e+02 2.040130101145698482e-01
3.030000000000000000e+02 2.034775486796175925e-01
3.040000000000000000e+02 2.029460001994373430e-01
3.050000000000000000e+02 2.024181580115330115e-01
3.060000000000000000e+02 2.018941280392123616e-01
3.070000000000000000e+02 2.013735917014091159e-01
3.080000000000000000e+02 2.008563723545248314e-01
3.090000000000000000e+02 2.003423611760350442e-01
3.100000000000000000e+02 1.998319446593607995e-01
3.110000000000000000e+02 1.993251440960161769e-01
3.120000000000000000e+02 1.988220038330422712e-01
3.130000000000000000e+02 1.983223053007282521e-01
3.140000000000000000e+02 1.978261642796554920e-01
3.150000000000000000e+02 1.973335263087405145e-01
3.160000000000000000e+02 1.968444193251122631e-01
3.170000000000000000e+02 1.963587911314889078e-01
3.180000000000000000e+02 1.958765957724979412e-01
3.190000000000000000e+02 1.953975559810216811e-01
3.200000000000000000e+02 1.949216738928910564e-01
3.210000000000000000e+02 1.944489874389259132e-01
3.220000000000000000e+02 1.939793928106362808e-01
3.230000000000000000e+02 1.935128312103475690e-01
3.240000000000000000e+02 1.930492961740372659e-01
3.250000000000000000e+02 1.925887857435385764e-01
3.260000000000000000e+02 1.921311360354441000e-01
3.270000000000000000e+02 1.916764736071270292e-01
3.280000000000000000e+02 1.912248269680477952e-01
3.290000000000000000e+02 1.907761401990746841e-01
3.300000000000000000e+02 1.903304498527332855e-01
3.310000000000000000e+02 1.898878770072364719e-01
3.320000000000000000e+02 1.894483458543093635e-01
3.330000000000000000e+02 1.890116710645220743e-01
3.340000000000000000e+02 1.885777628207218892e-01
3.350000000000000000e+02 1.881466383750114990e-01
3.360000000000000000e+02 1.877184991731415953e-01
3.370000000000000000e+02 1.872931467932305583e-01
3.380000000000000000e+02 1.868698553661375661e-01
3.390000000000000000e+02 1.864490279563274511e-01
