6.000000000000000000e+00 -2.527594173443503678e-03 2.334789152254999542e-02
1.512500000000000000e+01 2.250126330181956291e-02 2.783446457628646273e-02
2.325000000000000000e+01 1.276705518830567598e-02 1.830011611843669270e-02
3.650000000000000000e+01 -6.421903293812647462e-03 1.731859619809731840e-02
4.625000000000000000e+01 -7.947109057568013668e-03 3.836091922621080036e-02
5.337500000000000000e+01 3.229520600289106369e-01 5.611337165485013462e-02
6.412500000000000000e+01 7.329896129667758942e-01 7.829477873038309665e-02
7.512500000000000000e+01 8.048915117979049683e-01 5.658448450133878038e-02
8.450000000000000000e+01 7.702380046248435974e-01 6.758537627116451008e-02
9.450000000000000000e+01 7.963918484747409821e-01 7.114227024501110219e-02
1.045000000000000000e+02 7.780454978346824646e-01 3.715274526147115119e-02
1.208750000000000000e+02 8.520535752177238464e-01 2.625227911524842181e-02
1.313750000000000000e+02 8.748355209827423096e-01 4.491891852176226746e-02
1.392500000000000000e+02 9.099464863538742065e-01 4.028808069120650565e-02
1.490000000000000000e+02 7.958419471979141235e-01 2.464390797441219291e-02
1.602500000000000000e+02 8.661194965243339539e-01 5.175483046185356401e-02
1.697500000000000000e+02 8.945134803652763367e-01 4.715532288361436869e-02
1.900000000000000000e+02 -3.182630985975265503e-01 1.227682147341757624e-01
1.910000000000000000e+02 -1.270684669725596905e-01 1.003445197315992743e-01
1.920000000000000000e+02 1.454082224518060684e-02 9.781586234549835557e-02
1.930000000000000000e+02 4.210328520275652409e-02 7.091815857558607383e-02
1.940000000000000000e+02 7.619376108050346375e-02 9.532690316282416143e-02
1.950000000000000000e+02 7.657054625451564789e-02 8.820220397241508581e-02
1.960000000000000000e+02 1.973873212700709701e-01 7.935288409383153829e-02
1.970000000000000000e+02 1.840060641989111900e-01 8.292729370622019258e-02
1.980000000000000000e+02 1.728742737323045731e-01 1.036493694756425582e-01
1.990000000000000000e+02 1.317221456265542656e-01 7.728952463778265836e-02
2.000000000000000000e+02 2.029426079243421555e-01 8.075960995659625663e-02
2.010000000000000000e+02 2.184993736445903778e-01 7.845187333000643026e-02
2.020000000000000000e+02 1.896905303001403809e-01 6.548080368006109486e-02
2.030000000000000000e+02 1.998814065009355545e-01 7.390364744044412848e-02
2.040000000000000000e+02 1.791591490618884563e-01 7.691262377764354619e-02
2.050000000000000000e+02 2.110740041825920343e-01 6.911186858252621468e-02
2.060000000000000000e+02 1.591840072069317102e-01 7.372351497377122032e-02
2.070000000000000000e+02 1.890269436407834291e-01 5.033207908667365615e-02
2.080000000000000000e+02 1.442761877551674843e-01 8.285444366423130869e-02
2.090000000000000000e+02 1.656448536086827517e-01 7.132574993547344255e-02
2.100000000000000000e+02 1.680017982143908739e-01 5.233070080302838767e-02
2.110000000000000000e+02 1.859367839060723782e-01 5.315781124860773088e-02
2.120000000000000000e+02 1.612133560702204704e-01 6.123090898030503909e-02
2.130000000000000000e+02 1.617550489027053118e-01 6.072392521974950830e-02
2.140000000000000000e+02 1.433506767061771825e-01 5.397595973230565058e-02
2.150000000000000000e+02 1.923077902756631374e-01 4.323689877820637018e-02
2.160000000000000000e+02 1.567367981187999249e-01 4.460617762273021841e-02
2.170000000000000000e+02 1.468753556837327778e-01 4.549654855724887675e-02
2.180000000000000000e+02 1.878790878690779209e-01 3.952882029011922649e-02
2.190000000000000000e+02 1.657162882620468736e-01 4.845681919791824249e-02
2.200000000000000000e+02 1.516720819054171443e-01 4.846967830941434352e-02
2.210000000000000000e+02 1.880439990200102329e-01 5.547652366541774155e-02
2.220000000000000000e+02 1.519285594113171101e-01 5.099889261855326122e-02
2.230000000000000000e+02 1.783192154834978282e-01 5.913686613218939458e-02
2.240000000000000000e+02 1.814612234957166947e-01 4.501433524760782567e-02
2.250000000000000000e+02 2.076790798455476761e-01 5.058468270164044600e-02
2.260000000000000000e+02 2.157445652410387993e-01 6.092944571486003102e-02
2.270000000000000000e+02 1.608523369068279862e-01 6.487343676401415016e-02
2.280000000000000000e+02 2.143991612829267979e-01 4.971517174338361406e-02
2.290000000000000000e+02 1.489741976838558912e-01 2.759567937662925352e-02
2.300000000000000000e+02 1.666958315763622522e-01 5.060519446890998640e-02
2.310000000000000000e+02 1.700166794471442699e-01 5.607753120950174225e-02
2.320000000000000000e+02 1.962216824758797884e-01 6.137719864605944292e-02
2.330000000000000000e+02 1.679488961235620081e-01 6.028994747286472305e-02
2.340000000000000000e+02 2.377158761955797672e-01 5.053424388567292341e-02
2.350000000000000000e+02 1.833261693827807903e-01 4.126852880526402784e-02
2.360000000000000000e+02 1.865854021161794662e-01 3.510957353182603269e-02
2.370000000000000000e+02 1.811927196686156094e-01 4.163834846866405065e-02
2.380000000000000000e+02 1.581758870743215084e-01 5.739477699032918823e-02
2.390000000000000000e+02 1.850587069056928158e-01 4.356485238591766007e-02
2.400000000000000000e+02 1.841285773552954197e-01 3.838400177575283789e-02
2.410000000000000000e+02 1.455055442638695240e-01 4.287548815730628238e-02
2.420000000000000000e+02 1.873843022622168064e-01 6.269326066273654685e-02
2.430000000000000000e+02 1.560883529018610716e-01 4.325440465135054618e-02
2.440000000000000000e+02 9.898707381216809154e-02 4.456244225150794713e-02
2.450000000000000000e+02 1.194039355032145977e-01 4.958135322372798220e-02
2.460000000000000000e+02 1.124915324617177248e-01 5.472177928389478085e-02
2.470000000000000000e+02 1.431830093788448721e-01 5.590263963834550542e-02
2.480000000000000000e+02 1.145748852650285698e-01 7.022016313421078348e-02
2.490000000000000000e+02 1.298418153310194612e-01 6.007985203105593169e-02
2.500000000000000000e+02 1.513907110784202814e-01 5.340642729924546805e-02
2.510000000000000000e+02 1.277621760964393616e-01 7.841348715964534255e-02
2.520000000000000000e+02 1.210374028887599707e-01 5.914396323424154361e-02
2.530000000000000000e+02 1.562563088082242757e-01 4.722954746118747382e-02
2.540000000000000000e+02 1.521851611960300943e-01 5.853197228423306919e-02
2.550000000000000000e+02 1.911245017108740285e-01 5.691196590765947028e-02
2.560000000000000000e+02 1.310865350533276796e-01 5.171793515419721710e-02
2.570000000000000000e+02 1.601236503338441253e-01 5.903025770571470460e-02
2.580000000000000000e+02 1.380657123518176377e-01 5.162472268904458317e-02
2.590000000000000000e+02 1.380275196861475706e-01 5.586336101639454571e-02
2.600000000000000000e+02 1.609231655020266771e-01 5.919288782267390081e-02
2.610000000000000000e+02 1.544302056427113712e-01 5.927265116514934123e-02
2.620000000000000000e+02 1.557556678308174014e-01 5.729385285484014934e-02
2.630000000000000000e+02 1.400833171792328358e-01 5.981072949568784491e-02
2.640000000000000000e+02 1.447319469880312681e-01 5.076264360292537248e-02
2.650000000000000000e+02 1.395954006438842043e-01 4.763024709422224862e-02
2.660000000000000000e+02 1.443985337391495705e-01 5.803158458049247070e-02
2.670000000000000000e+02 1.507884620223194361e-01 6.453476501653669650e-02
2.680000000000000000e+02 9.659012412976153428e-02 5.489318756908164593e-02
2.690000000000000000e+02 8.076989604160189629e-02 6.063328039550347492e-02
2.700000000000000000e+02 1.307318925391882658e-01 6.698183413898295413e-02
2.710000000000000000e+02 1.164245682302862406e-01 6.856429381038973980e-02
2.720000000000000000e+02 1.184595006052404642e-01 6.332804281280697556e-02
2.730000000000000000e+02 6.965119251981377602e-02 6.457315469679743292e-02
2.740000000000000000e+02 9.793474932666867971e-02 6.187593663499072610e-02
2.750000000000000000e+02 7.514107273891568184e-02 7.170735665456218211e-02
2.760000000000000000e+02 1.061115767806768417e-01 6.467343360425650833e-02
2.770000000000000000e+02 1.030454507563263178e-01 6.431623149717223542e-02
2.780000000000000000e+02 6.698266137391328812e-02 5.266143186335647125e-02
2.790000000000000000e+02 1.275313124060630798e-01 6.198774536091412879e-02
2.800000000000000000e+02 1.163954776129685342e-01 5.950894887370649505e-02
2.810000000000000000e+02 9.987607276161725167e-02 6.346429535499438501e-02
2.820000000000000000e+02 7.653878958080895245e-02 6.150882314541181867e-02
2.830000000000000000e+02 9.066968492697924376e-02 5.021656408351020395e-02
2.840000000000000000e+02 9.241838811431080103e-02 5.679974464658749805e-02
2.850000000000000000e+02 6.236331281252205372e-02 5.848784966308652467e-02
2.860000000000000000e+02 7.002397192991338670e-02 7.317023431165717295e-02
2.870000000000000000e+02 9.766870609018951654e-02 7.850703218130833383e-02
2.880000000000000000e+02 4.391595348715782166e-02 7.401686000251452013e-02
2.890000000000000000e+02 3.843776579014956951e-02 6.867780710151712154e-02
2.900000000000000000e+02 6.244169408455491066e-02 7.070965434864323607e-02
2.910000000000000000e+02 6.141921505331993103e-02 7.379346868714366237e-02
2.920000000000000000e+02 8.441056933952495456e-02 6.769005394130171716e-02
2.930000000000000000e+02 7.775244768708944321e-02 6.237648084322100495e-02
2.940000000000000000e+02 4.492970753926783800e-02 5.673465041042323465e-02
2.950000000000000000e+02 7.952967332676053047e-02 7.218033855617300709e-02
2.960000000000000000e+02 1.161750331521034241e-01 7.871071680898851508e-02
2.970000000000000000e+02 7.969032041728496552e-02 5.992383119334588476e-02
2.980000000000000000e+02 9.110836475156247616e-02 5.899761113170823301e-02
2.990000000000000000e+02 8.844918152317404747e-02 6.155814740233963439e-02
3.000000000000000000e+02 6.292442139238119125e-02 5.243232126592815845e-02
3.010000000000000000e+02 9.750724886544048786e-02 5.233167887977688976e-02
3.020000000000000000e+02 8.305869408650323749e-02 6.394576900725305879e-02
3.030000000000000000e+02 1.176196958404034376e-01 8.102872783000343582e-02
3.040000000000000000e+02 7.250022888183593750e-02 5.703881544496292033e-02
3.050000000000000000e+02 1.123543915455229580e-01 4.491854445600360068e-02
3.060000000000000000e+02 1.235897610749816522e-01 5.107288254004760386e-02
3.070000000000000000e+02 7.802185458422172815e-02 4.304500411922063119e-02
3.080000000000000000e+02 8.552759146550670266e-02 3.452283920200286543e-02
3.090000000000000000e+02 8.301967987790703773e-02 4.686100744286704478e-02
3.100000000000000000e+02 1.115471797529608011e-01 3.873322769311213915e-02
3.110000000000000000e+02 9.392920299433171749e-02 4.980103019292454747e-02
3.120000000000000000e+02 8.537600771524012089e-02 4.336057379084221064e-02
3.130000000000000000e+02 1.380392680875957012e-01 5.668503271885150935e-02
3.140000000000000000e+02 1.151323220692574978e-01 6.747680524369953359e-02
3.150000000000000000e+02 1.374468589201569557e-01 4.282191526343750998e-02
3.160000000000000000e+02 7.552379503613337874e-02 4.387933542402289167e-02
3.170000000000000000e+02 1.094130347482860088e-01 4.369393021922152176e-02
3.180000000000000000e+02 1.415716186165809631e-01 5.610450851522338911e-02
3.190000000000000000e+02 1.173177310265600681e-01 6.823135802538844719e-02
3.200000000000000000e+02 1.331841032952070236e-01 6.615583198499912221e-02
3.210000000000000000e+02 6.977629737230017781e-02 5.208637735164742266e-02
3.220000000000000000e+02 7.813101219653617591e-02 4.432698535996039413e-02
3.230000000000000000e+02 1.061965537955984473e-01 4.162780439360278667e-02
3.240000000000000000e+02 1.419832981191575527e-01 4.863566341172052832e-02
3.250000000000000000e+02 1.392864961526356637e-01 6.030099308093996718e-02
3.260000000000000000e+02 1.147522373357787728e-01 7.069644818849048218e-02
3.270000000000000000e+02 1.093249780824407935e-01 5.757173116439730232e-02
3.280000000000000000e+02 1.418895123060792685e-01 6.813534407495325240e-02
3.290000000000000000e+02 1.154201116878539324e-01 6.863765064764316970e-02
3.300000000000000000e+02 1.278339489363133907e-01 6.259472943373321774e-02
3.310000000000000000e+02 1.254621418192982674e-01 5.628362898080276067e-02
3.320000000000000000e+02 1.589345835382118821e-01 8.299404013499842026e-02
3.330000000000000000e+02 1.107416152954101562e-01 4.551356162308873438e-02
3.340000000000000000e+02 1.201915494166314602e-01 5.174764783580291377e-02
3.350000000000000000e+02 9.359507937915623188e-02 6.540868084539289140e-02
3.360000000000000000e+02 1.133183422498404980e-01 5.985081903891932564e-02
3.370000000000000000e+02 5.784941534511744976e-02 6.403376199275873093e-02
3.380000000000000000e+02 9.491168637759983540e-02 5.874796750576753712e-02
3.390000000000000000e+02 8.326652459800243378e-02 6.236677279673327051e-02
