0.000000000000000000e+00 0.000000000000000000e+00
1.000000000000000000e+00 0.000000000000000000e+00
2.000000000000000000e+00 0.000000000000000000e+00
3.000000000000000000e+00 0.000000000000000000e+00
4.000000000000000000e+00 0.000000000000000000e+00
5.000000000000000000e+00 0.000000000000000000e+00
6.000000000000000000e+00 0.000000000000000000e+00
7.000000000000000000e+00 0.000000000000000000e+00
8.000000000000000000e+00 0.000000000000000000e+00
9.000000000000000000e+00 0.000000000000000000e+00
1.000000000000000000e+01 0.000000000000000000e+00
1.100000000000000000e+01 0.000000000000000000e+00
1.200000000000000000e+01 0.000000000000000000e+00
1.300000000000000000e+01 0.000000000000000000e+00
1.400000000000000000e+01 0.000000000000000000e+00
1.500000000000000000e+01 0.000000000000000000e+00
1.600000000000000000e+01 0.000000000000000000e+00
1.700000000000000000e+01 0.000000000000000000e+00
1.800000000000000000e+01 0.000000000000000000e+00
1.900000000000000000e+01 0.000000000000000000e+00
2.000000000000000000e+01 0.000000000000000000e+00
2.100000000000000000e+01 0.000000000000000000e+00
2.200000000000000000e+01 0.000000000000000000e+00
2.300000000000000000e+01 0.000000000000000000e+00
2.400000000000000000e+01 0.000000000000000000e+00
2.500000000000000000e+01 0.000000000000000000e+00
2.600000000000000000e+01 0.000000000000000000e+00
2.700000000000000000e+01 0.000000000000000000e+00
2.800000000000000000e+01 0.000000000000000000e+00
2.900000000000000000e+01 0.000000000000000000e+00
3.000000000000000000e+01 0.000000000000000000e+00
3.100000000000000000e+01 0.000000000000000000e+00
3.200000000000000000e+01 0.000000000000000000e+00
3.300000000000000000e+01 0.000000000000000000e+00
3.400000000000000000e+01 0.000000000000000000e+00
3.500000000000000000e+01 0.000000000000000000e+00
3.600000000000000000e+01 0.000000000000000000e+00
3.700000000000000000e+01 0.000000000000000000e+00
3.800000000000000000e+01 0.000000000000000000e+00
3.900000000000000000e+01 0.000000000000000000e+00
4.000000000000000000e+01 0.000000000000000000e+00
4.100000000000000000e+01 0.000000000000000000e+00
4.200000000000000000e+01 0.000000000000000000e+00
4.300000000000000000e+01 0.000000000000000000e+00
4.400000000000000000e+01 0.000000000000000000e+00
4.500000000000000000e+01 0.000000000000000000e+00
4.600000000000000000e+01 0.000000000000000000e+00
4.700000000000000000e+01 0.000000000000000000e+00
4.800000000000000000e+01 0.000000000000000000e+00
4.900000000000000000e+01 0.000000000000000000e+00
5.000000000000000000e+01 0.000000000000000000e+00
5.100000000000000000e+01 3.404031191021203995e-01
5.200000000000000000e+01 3.763133026659488678e-01
5.300000000000000000e+01 4.022955037653446198e-01
5.400000000000000000e+01 3.867657706141471863e-01
5.500000000000000000e+01 4.719858989119529724e-01
5.600000000000000000e+01 4.671511091291904449e-01
5.700000000000000000e+01 5.008073225617408752e-01
5.800000000000000000e+01 5.066213905811309814e-01
5.900000000000000000e+01 5.257576964795589447e-01
6.000000000000000000e+01 5.408255457878112793e-01
6.100000000000000000e+01 5.536969676613807678e-01
6.200000000000000000e+01 5.222538523375988007e-01
6.300000000000000000e+01 5.647987090051174164e-01
6.400000000000000000e+01 5.552290230989456177e-01
6.500000000000000000e+01 5.888186395168304443e-01
6.600000000000000000e+01 5.980104655027389526e-01
6.700000000000000000e+01 5.572076439857482910e-01
6.800000000000000000e+01 6.082636043429374695e-01
6.900000000000000000e+01 6.188909523189067841e-01
7.000000000000000000e+01 6.121359616518020630e-01
7.100000000000000000e+01 6.313059441745281219e-01
7.200000000000000000e+01 6.008434444665908813e-01
7.300000000000000000e+01 6.447631232440471649e-01
7.400000000000000000e+01 6.549490466713905334e-01
7.500000000000000000e+01 6.506329067051410675e-01
7.600000000000000000e+01 6.494832001626491547e-01
7.700000000000000000e+01 6.474542804062366486e-01
7.800000000000000000e+01 6.701773367822170258e-01
7.900000000000000000e+01 6.805836148560047150e-01
8.000000000000000000e+01 6.744298785924911499e-01
8.100000000000000000e+01 6.896545365452766418e-01
8.200000000000000000e+01 6.749053001403808594e-01
8.300000000000000000e+01 6.879322305321693420e-01
8.400000000000000000e+01 6.854506060481071472e-01
8.500000000000000000e+01 7.038688510656356812e-01
8.600000000000000000e+01 6.968079358339309692e-01
8.700000000000000000e+01 7.164638265967369080e-01
8.800000000000000000e+01 7.023199684917926788e-01
8.900000000000000000e+01 7.120938748121261597e-01
9.000000000000000000e+01 7.221166491508483887e-01
9.100000000000000000e+01 7.289323583245277405e-01
9.200000000000000000e+01 7.221884280443191528e-01
9.300000000000000000e+01 7.248123139142990112e-01
9.400000000000000000e+01 7.361580953001976013e-01
9.500000000000000000e+01 7.355528473854064941e-01
9.600000000000000000e+01 7.234807163476943970e-01
9.700000000000000000e+01 7.375142797827720642e-01
9.800000000000000000e+01 7.488039061427116394e-01
9.900000000000000000e+01 7.376400008797645569e-01
1.000000000000000000e+02 7.586747929453849792e-01
1.010000000000000000e+02 7.617853432893753052e-01
1.020000000000000000e+02 7.540864050388336182e-01
1.030000000000000000e+02 7.655942440032958984e-01
1.040000000000000000e+02 7.527700141072273254e-01
1.050000000000000000e+02 7.571343779563903809e-01
1.060000000000000000e+02 7.450519874691963196e-01
1.070000000000000000e+02 7.645671740174293518e-01
1.080000000000000000e+02 7.779091149568557739e-01
1.090000000000000000e+02 7.808188796043395996e-01
1.100000000000000000e+02 7.816723659634590149e-01
1.110000000000000000e+02 7.843155413866043091e-01
1.120000000000000000e+02 7.868068814277648926e-01
1.130000000000000000e+02 7.891824245452880859e-01
1.140000000000000000e+02 7.914612367749214172e-01
1.150000000000000000e+02 7.936548292636871338e-01
1.160000000000000000e+02 7.957708388566970825e-01
1.170000000000000000e+02 7.978149354457855225e-01
1.180000000000000000e+02 7.997916489839553833e-01
1.190000000000000000e+02 7.844350859522819519e-01
1.200000000000000000e+02 7.838854640722274780e-01
1.210000000000000000e+02 8.026156350970268250e-01
1.220000000000000000e+02 7.943727672100067139e-01
1.230000000000000000e+02 8.016283512115478516e-01
1.240000000000000000e+02 8.061145171523094177e-01
1.250000000000000000e+02 7.893270254135131836e-01
1.260000000000000000e+02 8.098627850413322449e-01
1.270000000000000000e+02 8.120590001344680786e-01
1.280000000000000000e+02 8.030981719493865967e-01
1.290000000000000000e+02 8.031808286905288696e-01
1.300000000000000000e+02 8.121252059936523438e-01
1.310000000000000000e+02 8.163742572069168091e-01
1.320000000000000000e+02 8.100163415074348450e-01
1.330000000000000000e+02 8.067644461989402771e-01
1.340000000000000000e+02 8.137342706322669983e-01
1.350000000000000000e+02 8.087497204542160034e-01
1.360000000000000000e+02 8.223614767193794250e-01
1.370000000000000000e+02 7.982579320669174194e-01
1.380000000000000000e+02 8.151283189654350281e-01
1.390000000000000000e+02 8.242478519678115845e-01
1.400000000000000000e+02 8.258873820304870605e-01
1.410000000000000000e+02 8.272005543112754822e-01
1.420000000000000000e+02 8.273152336478233337e-01
1.430000000000000000e+02 8.181305155158042908e-01
1.440000000000000000e+02 8.131746947765350342e-01
1.450000000000000000e+02 8.265426978468894958e-01
1.460000000000000000e+02 8.301426097750663757e-01
1.470000000000000000e+02 8.250465914607048035e-01
1.480000000000000000e+02 8.329920470714569092e-01
1.490000000000000000e+02 8.172277510166168213e-01
1.500000000000000000e+02 8.290909677743911743e-01
1.510000000000000000e+02 8.176581710577011108e-01
1.520000000000000000e+02 8.212317079305648804e-01
1.530000000000000000e+02 8.331490084528923035e-01
1.540000000000000000e+02 8.367876559495925903e-01
1.550000000000000000e+02 8.384841680526733398e-01
1.560000000000000000e+02 8.396595567464828491e-01
1.570000000000000000e+02 8.406595885753631592e-01
1.580000000000000000e+02 8.179922401905059814e-01
1.590000000000000000e+02 8.392657339572906494e-01
1.600000000000000000e+02 8.421229273080825806e-01
1.610000000000000000e+02 8.392359986901283264e-01
1.620000000000000000e+02 8.368186280131340027e-01
1.630000000000000000e+02 8.391600474715232849e-01
1.640000000000000000e+02 8.447822928428649902e-01
1.650000000000000000e+02 8.343689888715744019e-01
1.660000000000000000e+02 8.402835726737976074e-01
1.670000000000000000e+02 8.346954584121704102e-01
1.680000000000000000e+02 8.443654999136924744e-01
1.690000000000000000e+02 8.466175049543380737e-01
1.700000000000000000e+02 8.437855392694473267e-01
1.710000000000000000e+02 8.400961831212043762e-01
1.720000000000000000e+02 8.295561224222183228e-01
1.730000000000000000e+02 8.427682742476463318e-01
1.740000000000000000e+02 8.464381843805313110e-01
1.750000000000000000e+02 8.390092179179191589e-01
1.760000000000000000e+02 1.691608913242816925e-01
1.770000000000000000e+02 3.708771243691444397e-02
1.780000000000000000e+02 -3.375160321593284607e-02
1.790000000000000000e+02 -8.130866475403308868e-02
1.800000000000000000e+02 -1.184002347290515900e-01
1.810000000000000000e+02 -1.499126143753528595e-01
1.820000000000000000e+02 -1.779958251863718033e-01
1.830000000000000000e+02 -2.037022579461336136e-01
1.840000000000000000e+02 -2.275965362787246704e-01
1.850000000000000000e+02 -2.500096205621957779e-01
1.860000000000000000e+02 -2.711537368595600128e-01
1.870000000000000000e+02 -2.911773547530174255e-01
1.880000000000000000e+02 -3.101926445960998535e-01
1.890000000000000000e+02 -3.282894529402256012e-01
1.900000000000000000e+02 -3.455430325120687485e-01
1.910000000000000000e+02 -1.551190819591283798e-01
1.920000000000000000e+02 -5.954965890850871801e-02
1.930000000000000000e+02 -4.605897818692028522e-03
1.940000000000000000e+02 3.020858531817793846e-02
1.950000000000000000e+02 5.399398860754445195e-02
1.960000000000000000e+02 7.125172321684658527e-02
1.970000000000000000e+02 8.438488229876384139e-02
1.980000000000000000e+02 9.475655865389853716e-02
1.990000000000000000e+02 1.031821659998968244e-01
2.000000000000000000e+02 1.101740798912942410e-01
2.010000000000000000e+02 1.160693412530235946e-01
2.020000000000000000e+02 1.210992570850066841e-01
2.030000000000000000e+02 1.254288292839191854e-01
2.040000000000000000e+02 1.291798580787144601e-01
2.050000000000000000e+02 1.324450274696573615e-01
2.060000000000000000e+02 1.352967196726240218e-01
2.070000000000000000e+02 1.377927685971371830e-01
2.080000000000000000e+02 1.399802645901218057e-01
2.090000000000000000e+02 1.418981946189887822e-01
2.100000000000000000e+02 1.435792730771936476e-01
2.110000000000000000e+02 1.450512825394980609e-01
2.120000000000000000e+02 1.463380586355924606e-01
2.130000000000000000e+02 1.474601844092831016e-01
2.140000000000000000e+02 1.484355983557179570e-01
2.150000000000000000e+02 1.492799940751865506e-01
2.160000000000000000e+02 1.500071680056862533e-01
2.170000000000000000e+02 1.506293230922892690e-01
2.180000000000000000e+02 1.511572672170586884e-01
2.190000000000000000e+02 1.516005914309062064e-01
2.200000000000000000e+02 1.519678428303450346e-01
2.210000000000000000e+02 1.522666494711302221e-01
2.220000000000000000e+02 1.525038345716893673e-01
2.230000000000000000e+02 1.526855051051825285e-01
2.240000000000000000e+02 1.528171345707960427e-01
2.250000000000000000e+02 1.529036353458650410e-01
2.260000000000000000e+02 1.529494261485524476e-01
2.270000000000000000e+02 1.529584777308627963e-01
2.280000000000000000e+02 1.529343622969463468e-01
2.290000000000000000e+02 1.528802981483750045e-01
2.300000000000000000e+02 1.527991975890472531e-01
2.310000000000000000e+02 1.526936865993775427e-01
2.320000000000000000e+02 1.525661229388788342e-01
2.330000000000000000e+02 1.524186582537367940e-01
2.340000000000000000e+02 1.522532149101607502e-01
2.350000000000000000e+02 1.520715529914014041e-01
2.360000000000000000e+02 1.518752598203718662e-01
2.370000000000000000e+02 1.516657675965689123e-01
2.380000000000000000e+02 1.514443849446251988e-01
2.390000000000000000e+02 1.512123009888455272e-01
2.400000000000000000e+02 1.509705682983621955e-01
2.410000000000000000e+02 1.507201771601103246e-01
2.420000000000000000e+02 1.504620171035639942e-01
2.430000000000000000e+02 1.501968905795365572e-01
2.440000000000000000e+02 1.499255296657793224e-01
2.450000000000000000e+02 1.496486027608625591e-01
2.460000000000000000e+02 1.493667150498367846e-01
2.470000000000000000e+02 1.490804245404433459e-01
2.480000000000000000e+02 1.487902349326759577e-01
2.490000000000000000e+02 1.484966087446082383e-01
2.500000000000000000e+02 1.481999633251689374e-01
2.510000000000000000e+02 1.479006822628434747e-01
2.520000000000000000e+02 1.475991123297717422e-01
2.530000000000000000e+02 1.472955821955110878e-01
2.540000000000000000e+02 1.469903722754679620e-01
2.550000000000000000e+02 1.466837541956920177e-01
2.560000000000000000e+02 1.463759764737915248e-01
2.570000000000000000e+02 1.460672480752691627e-01
2.580000000000000000e+02 1.457577819528523833e-01
2.590000000000000000e+02 1.454477639927063137e-01
2.600000000000000000e+02 1.451373561285436153e-01
2.610000000000000000e+02 1.448267245141323656e-01
2.620000000000000000e+02 1.445160094299353659e-01
2.630000000000000000e+02 1.442053292412310839e-01
2.640000000000000000e+02 1.438948044669814408e-01
2.650000000000000000e+02 1.435845514351967722e-01
2.660000000000000000e+02 1.432746647624298930e-01
2.670000000000000000e+02 1.429652349324896932e-01
2.680000000000000000e+02 1.426563381683081388e-01
2.690000000000000000e+02 1.423480556695722044e-01
2.700000000000000000e+02 1.420404534146655351e-01
2.710000000000000000e+02 1.417335953447036445e-01
2.720000000000000000e+02 1.414275339629966766e-01
2.730000000000000000e+02 1.411223199393134564e-01
2.740000000000000000e+02 1.408179973950609565e-01
2.750000000000000000e+02 1.405146132456138730e-01
2.760000000000000000e+02 1.402122048893943429e-01
2.770000000000000000e+02 1.399108055338729173e-01
2.780000000000000000e+02 1.396104434388689697e-01
2.790000000000000000e+02 1.393111478828359395e-01
2.800000000000000000e+02 1.390129445935599506e-01
2.810000000000000000e+02 1.387158502184320241e-01
2.820000000000000000e+02 1.384198944724630564e-01
2.830000000000000000e+02 1.381250900740269572e-01
2.840000000000000000e+02 1.378314428438898176e-01
2.850000000000000000e+02 1.375389787717722356e-01
2.860000000000000000e+02 1.372477046388667077e-01
2.870000000000000000e+02 1.369576336001046002e-01
2.880000000000000000e+02 1.366687635891139507e-01
2.890000000000000000e+02 1.363811122137121856e-01
2.900000000000000000e+02 1.360946865752339363e-01
2.910000000000000000e+02 1.358094828610774130e-01
2.920000000000000000e+02 1.355255081143695861e-01
2.930000000000000000e+02 1.352427673118654639e-01
2.940000000000000000e+02 1.349612613266799599e-01
2.950000000000000000e+02 1.346809879760257900e-01
2.960000000000000000e+02 1.344019572716206312e-01
2.970000000000000000e+02 1.341241532936692238e-01
2.980000000000000000e+02 1.338475864613428712e-01
2.990000000000000000e+02 1.335722513031214476e-01
3.000000000000000000e+02 1.332981479645241052e-01
3.010000000000000000e+02 1.330252704210579395e-01
3.020000000000000000e+02 1.327536182361654937e-01
3.030000000000000000e+02 1.324831844540312886e-01
3.040000000000000000e+02 1.322139694530051202e-01
3.050000000000000000e+02 1.319459639489650726e-01
3.060000000000000000e+02 1.316791633435059339e-01
3.070000000000000000e+02 1.314135653083212674e-01
3.080000000000000000e+02 1.311491664964705706e-01
3.090000000000000000e+02 1.308859566051978618e-01
3.100000000000000000e+02 1.306239330733660609e-01
3.110000000000000000e+02 1.303630926995538175e-01
3.120000000000000000e+02 1.301034272473771125e-01
3.130000000000000000e+02 1.298449299938511103e-01
3.140000000000000000e+02 1.295875977375544608e-01
3.150000000000000000e+02 1.293314168578945100e-01
3.160000000000000000e+02 1.290763856668490916e-01
3.170000000000000000e+02 1.288224981399253011e-01
3.180000000000000000e+02 1.285697480489034206e-01
3.190000000000000000e+02 1.283181229373440146e-01
3.200000000000000000e+02 1.280676249589305371e-01
3.210000000000000000e+02 1.278182365931570530e-01
3.220000000000000000e+02 1.275699607504066080e-01
3.230000000000000000e+02 1.273227821220643818e-01
3.240000000000000000e+02 1.270766999514307827e-01
3.250000000000000000e+02 1.268317076319362968e-01
3.260000000000000000e+02 1.265878018166404217e-01
3.270000000000000000e+02 1.263449678954202682e-01
3.280000000000000000e+02 1.261032004258595407e-01
3.290000000000000000e+02 1.258624915208201855e-01
3.300000000000000000e+02 1.256228429847396910e-01
3.310000000000000000e+02 1.253842342703137547e-01
3.320000000000000000e+02 1.251466607500333339e-01
3.330000000000000000e+02 1.249101245484780520e-01
3.340000000000000000e+02 1.246746173710562289e-01
3.350000000000000000e+02 1.244401281583122909e-01
3.360000000000000000e+02 1.242066468403209001e-01
3.370000000000000000e+02 1.239741759200114757e-01
3.380000000000000000e+02 1.237426986917853355e-01
3.390000000000000000e+02 1.235122194921132177e-01
