6.125000000000000000e+00 -9.696836474176961929e-03 1.286562630821953997e-02
1.400000000000000000e+01 -1.559474715031683445e-02 3.526721370908204173e-02
2.525000000000000000e+01 5.384484727983362973e-02 3.697768925831215747e-02
3.587500000000000000e+01 -2.436624607071280479e-03 1.774646286502383832e-02
4.362500000000000000e+01 2.959897817345336080e-02 1.833694686191084458e-02
5.450000000000000000e+01 4.672913993708789349e-01 9.706788105795824406e-02
6.400000000000000000e+01 7.291367799043655396e-01 6.911535679317307168e-02
7.437500000000000000e+01 7.202448695898056030e-01 3.607529648490408192e-02
8.525000000000000000e+01 7.414644956588745117e-01 2.966753850629932562e-02
9.587500000000000000e+01 7.656098827719688416e-01 5.232595157824984633e-02
1.035000000000000000e+02 8.701394423842430115e-01 4.896619597134155288e-02
1.208750000000000000e+02 8.904041126370429993e-01 3.185156560867664216e-02
1.297500000000000000e+02 8.137160614132881165e-01 3.799765836934317770e-02
1.403750000000000000e+02 9.031775519251823425e-01 3.732090562594290312e-02
1.511250000000000000e+02 9.029247388243675232e-01 4.520663122487409563e-02
1.578750000000000000e+02 9.202402830123901367e-01 4.273220049037503021e-02
1.685000000000000000e+02 8.732818961143493652e-01 4.532427616001036969e-02
1.900000000000000000e+02 -2.077915162080898881e-01 1.030261526744164352e-01
1.910000000000000000e+02 9.047539951279759407e-02 9.412166581129485787e-02
1.940000000000000000e+02 5.880337534472346306e-01 1.200007193837041575e-01
1.950000000000000000e+02 4.787612073123455048e-01 8.220727717377464272e-02
1.960000000000000000e+02 5.499033182859420776e-01 6.737888247600769265e-02
1.970000000000000000e+02 5.862416513264179230e-01 8.485647791623467107e-02
1.980000000000000000e+02 5.076183639466762543e-01 4.656709850765841652e-02
1.990000000000000000e+02 5.280407629907131195e-01 5.681044320506806189e-02
2.000000000000000000e+02 4.650961812585592270e-01 5.255968620426164362e-02
2.010000000000000000e+02 4.999467525631189346e-01 4.747963811642257059e-02
2.020000000000000000e+02 5.104450695216655731e-01 6.848543669689285962e-02
2.030000000000000000e+02 4.511260539293289185e-01 4.005331809967169893e-02
2.040000000000000000e+02 4.602391459047794342e-01 5.296830746206260959e-02
2.050000000000000000e+02 4.653120767325162888e-01 6.037434947801612745e-02
2.060000000000000000e+02 4.191631320863962173e-01 5.804277877333516300e-02
2.070000000000000000e+02 3.991588298231363297e-01 5.479403044974514442e-02
2.080000000000000000e+02 4.864450357854366302e-01 5.098482595742780121e-02
2.090000000000000000e+02 3.827694710344076157e-01 4.957810669352622629e-02
2.100000000000000000e+02 4.323734343051910400e-01 5.543257508288878393e-02
2.110000000000000000e+02 3.777625113725662231e-01 6.197926971058402568e-02
2.120000000000000000e+02 4.041297652292996645e-01 7.640462509873043040e-02
2.130000000000000000e+02 3.710378892719745636e-01 6.792293580344310744e-02
2.140000000000000000e+02 3.868613820523023605e-01 4.817586074573630001e-02
2.150000000000000000e+02 3.840003770310431719e-01 6.796390791403909837e-02
2.160000000000000000e+02 3.278266824781894684e-01 4.850673457139846600e-02
2.170000000000000000e+02 3.497753017581999302e-01 5.455365428853191367e-02
2.180000000000000000e+02 3.494520136446226388e-01 5.827861161320090078e-02
2.190000000000000000e+02 2.897063679993152618e-01 3.660002483178487892e-02
2.200000000000000000e+02 3.047157973051071167e-01 3.686437556992555598e-02
2.210000000000000000e+02 2.878884132951498032e-01 3.144958712436903003e-02
2.220000000000000000e+02 2.664685668423771858e-01 5.599256272634287740e-02
2.230000000000000000e+02 2.707382873632013798e-01 5.189360356354379838e-02
2.240000000000000000e+02 2.600914766080677509e-01 5.214088450699237015e-02
2.250000000000000000e+02 2.687765342416241765e-01 5.183014918409876298e-02
2.260000000000000000e+02 2.546647090930491686e-01 4.996781481211801795e-02
2.270000000000000000e+02 2.891094386577606201e-01 3.751031712307467680e-02
2.280000000000000000e+02 2.150783468969166279e-01 2.910864489870781946e-02
2.290000000000000000e+02 2.547197304666042328e-01 2.169345257774184590e-02
2.300000000000000000e+02 2.627261541783809662e-01 3.278717802380962804e-02
2.310000000000000000e+02 2.476561244111508131e-01 4.837339889179941704e-02
2.320000000000000000e+02 2.169523201882839203e-01 4.006213989239165024e-02
2.330000000000000000e+02 2.472441145218908787e-01 3.981986133511284526e-02
2.340000000000000000e+02 2.645663693547248840e-01 5.332645526912400263e-02
2.350000000000000000e+02 2.592773046344518661e-01 4.442566464130635884e-02
2.360000000000000000e+02 2.715586400590837002e-01 4.886167695537085159e-02
2.370000000000000000e+02 2.523603970184922218e-01 4.163727864329373751e-02
2.380000000000000000e+02 2.674530558288097382e-01 4.379632277599421197e-02
2.390000000000000000e+02 2.531518060714006424e-01 3.961557881204295223e-02
2.400000000000000000e+02 2.605359111912548542e-01 5.408704283628903292e-02
2.410000000000000000e+02 2.637356985360383987e-01 3.849186552963532876e-02
2.420000000000000000e+02 2.548987194895744324e-01 2.946847243235206290e-02
2.430000000000000000e+02 2.670253319665789604e-01 4.521043819622919818e-02
2.440000000000000000e+02 2.708824542351067066e-01 4.274029604991098213e-02
2.450000000000000000e+02 2.855640286579728127e-01 5.027046810817879796e-02
2.460000000000000000e+02 2.862222148105502129e-01 4.097708532051787950e-02
2.470000000000000000e+02 2.627604342997074127e-01 3.802230947454052212e-02
2.480000000000000000e+02 2.167437206953763962e-01 4.724676155464188620e-02
2.490000000000000000e+02 2.485863370820879936e-01 3.446290900797292084e-02
2.500000000000000000e+02 2.447261875495314598e-01 4.063022513367943456e-02
2.510000000000000000e+02 2.377833900973200798e-01 4.299637429150933443e-02
2.520000000000000000e+02 2.606454836204648018e-01 2.748801066649020006e-02
2.530000000000000000e+02 2.280522547662258148e-01 3.252612136334859239e-02
2.540000000000000000e+02 2.202088877093046904e-01 3.917313865984795029e-02
2.550000000000000000e+02 1.905933166854083538e-01 2.824938462084478769e-02
2.560000000000000000e+02 2.469792242627590895e-01 4.129661342178158473e-02
2.570000000000000000e+02 2.266938071697950363e-01 2.483605654524097608e-02
2.580000000000000000e+02 2.769306059926748276e-01 2.542689965992749046e-02
2.590000000000000000e+02 2.607192602008581161e-01 2.919825167795559936e-02
2.600000000000000000e+02 2.437723092734813690e-01 2.579241220998582801e-02
2.610000000000000000e+02 2.591687068343162537e-01 3.291683023258885205e-02
2.620000000000000000e+02 2.459424389526247978e-01 4.549327464698152412e-02
2.630000000000000000e+02 2.285174867138266563e-01 2.478492788897873611e-02
2.640000000000000000e+02 1.922649883199483156e-01 3.616342625146520134e-02
2.650000000000000000e+02 1.934442152269184589e-01 2.680066672215798695e-02
2.660000000000000000e+02 2.072120122611522675e-01 2.525635574598815089e-02
2.670000000000000000e+02 2.129398752003908157e-01 2.143083432162607230e-02
2.680000000000000000e+02 2.252524644136428833e-01 1.881163836058230912e-02
2.690000000000000000e+02 2.195964138954877853e-01 1.808512760446036316e-02
2.700000000000000000e+02 2.069363184273242950e-01 1.841182244075595734e-02
2.710000000000000000e+02 2.179366070777177811e-01 2.245395260921411937e-02
2.720000000000000000e+02 1.819185456261038780e-01 3.067747337743934044e-02
2.730000000000000000e+02 1.922109089791774750e-01 3.343166352264689833e-02
2.740000000000000000e+02 1.983649730682373047e-01 3.375072307597990623e-02
2.750000000000000000e+02 1.819494860246777534e-01 2.908469053778248159e-02
2.760000000000000000e+02 2.140838969498872757e-01 2.147532377216851418e-02
2.770000000000000000e+02 1.994830761104822159e-01 1.787220638330090997e-02
2.780000000000000000e+02 1.770435981452465057e-01 2.156779298378583981e-02
2.790000000000000000e+02 1.797823347151279449e-01 2.700922627965470293e-02
2.800000000000000000e+02 2.270130533725023270e-01 1.373031791114263586e-02
2.810000000000000000e+02 2.358231730759143829e-01 2.353001258510319105e-02
2.820000000000000000e+02 2.168839862570166588e-01 3.020620541366154585e-02
2.830000000000000000e+02 1.793319713324308395e-01 2.143079345891711618e-02
2.840000000000000000e+02 1.518415807149722241e-01 3.422190260571249948e-02
2.850000000000000000e+02 1.866939906030893326e-01 1.692127451510298114e-02
2.860000000000000000e+02 1.679230737499892712e-01 3.828225131802370090e-02
2.870000000000000000e+02 2.071398757398128510e-01 1.497358841126573102e-02
2.880000000000000000e+02 1.736998092383146286e-01 2.331415414421796756e-02
2.890000000000000000e+02 1.881082234904170036e-01 2.665537164666959002e-02
2.900000000000000000e+02 2.208324959501624107e-01 3.636656606011863524e-02
2.910000000000000000e+02 2.451316397637128830e-01 2.447698534107690602e-02
2.920000000000000000e+02 1.995090022683143616e-01 2.213979293971196291e-02
2.930000000000000000e+02 2.310083890333771706e-01 2.559358677977308441e-02
2.940000000000000000e+02 2.032190226018428802e-01 2.686473993500310825e-02
2.950000000000000000e+02 2.112751058302819729e-01 4.255222899782921259e-02
2.960000000000000000e+02 2.273676590994000435e-01 2.783323943621729066e-02
2.970000000000000000e+02 2.119765980169177055e-01 4.713045898787857069e-02
2.980000000000000000e+02 2.545535676181316376e-01 1.477376124170882467e-02
2.990000000000000000e+02 2.470202348195016384e-01 3.268451913253942603e-02
3.000000000000000000e+02 2.592037478461861610e-01 2.472446916535388922e-02
3.010000000000000000e+02 2.436165721155703068e-01 3.599856887178039949e-02
3.020000000000000000e+02 2.459664754569530487e-01 2.571137169725702665e-02
3.030000000000000000e+02 2.253812672570347786e-01 2.552303484988257057e-02
3.040000000000000000e+02 2.278436603955924511e-01 2.829099675585831572e-02
3.050000000000000000e+02 2.024929039180278778e-01 3.766391345504499499e-02
3.060000000000000000e+02 2.162335913162678480e-01 3.820276281307803667e-02
3.070000000000000000e+02 2.041240409016609192e-01 2.960207059439350086e-02
3.080000000000000000e+02 1.840024236589670181e-01 4.200135612078199909e-02
3.090000000000000000e+02 2.011650699059828185e-01 5.016255922609371559e-02
3.100000000000000000e+02 2.018947228789329529e-01 4.966686896952517138e-02
3.110000000000000000e+02 2.231010410469025373e-01 4.002359095691992302e-02
3.120000000000000000e+02 2.069041957147419453e-01 4.884107945005026347e-02
3.130000000000000000e+02 2.257874798960983753e-01 3.705270100400098049e-02
3.140000000000000000e+02 2.296495358459651470e-01 3.604366001108192524e-02
3.150000000000000000e+02 2.521554753184318542e-01 4.245709485026709362e-02
3.160000000000000000e+02 2.550711955409497023e-01 3.913120887309870510e-02
3.170000000000000000e+02 2.648721020668745041e-01 3.787149814716823937e-02
3.180000000000000000e+02 2.409722730517387390e-01 4.583146008436482510e-02
3.190000000000000000e+02 2.588558355346322060e-01 4.797255902177656461e-02
3.200000000000000000e+02 2.368454588577151299e-01 4.319460304904359366e-02
3.210000000000000000e+02 2.070483001880347729e-01 4.393789210133765971e-02
3.220000000000000000e+02 2.453460149990860373e-01 4.232001098055875737e-02
3.230000000000000000e+02 2.200976265594363213e-01 4.060174236791232183e-02
3.240000000000000000e+02 2.372764601605013013e-01 5.053137732001958260e-02
3.250000000000000000e+02 2.344004330225288868e-01 5.664407487636607952e-02
3.260000000000000000e+02 1.854021195322275162e-01 6.577158685756755163e-02
3.270000000000000000e+02 1.808087253011763096e-01 6.129633794533522612e-02
3.280000000000000000e+02 1.886086072772741318e-01 4.775856558708668764e-02
3.290000000000000000e+02 1.775489104911684990e-01 6.350122737606425649e-02
3.300000000000000000e+02 2.085909713059663773e-01 6.534568547920249770e-02
3.310000000000000000e+02 2.311918181367218494e-01 5.412733879399081460e-02
3.320000000000000000e+02 2.189865624532103539e-01 6.667773716034698650e-02
3.330000000000000000e+02 2.084379810839891434e-01 6.039506358038423950e-02
3.340000000000000000e+02 2.141819391399621964e-01 5.585461165993644422e-02
3.350000000000000000e+02 2.050904799252748489e-01 6.716051505289907797e-02
3.360000000000000000e+02 2.052313396707177162e-01 5.732201820703915901e-02
3.370000000000000000e+02 2.137479507364332676e-01 5.918840268741112909e-02
3.380000000000000000e+02 1.783726671710610390e-01 5.244089668801030918e-02
3.390000000000000000e+02 2.175698103383183479e-01 4.762625306681846776e-02
