0.000000000000000000e+00 0.000000000000000000e+00
1.000000000000000000e+00 0.000000000000000000e+00
2.000000000000000000e+00 0.000000000000000000e+00
3.000000000000000000e+00 0.000000000000000000e+00
4.000000000000000000e+00 0.000000000000000000e+00
5.000000000000000000e+00 0.000000000000000000e+00
6.000000000000000000e+00 0.000000000000000000e+00
7.000000000000000000e+00 0.000000000000000000e+00
8.000000000000000000e+00 0.000000000000000000e+00
9.000000000000000000e+00 0.000000000000000000e+00
1.000000000000000000e+01 0.000000000000000000e+00
1.100000000000000000e+01 0.000000000000000000e+00
1.200000000000000000e+01 0.000000000000000000e+00
1.300000000000000000e+01 0.000000000000000000e+00
1.400000000000000000e+01 0.000000000000000000e+00
1.500000000000000000e+01 0.000000000000000000e+00
1.600000000000000000e+01 0.000000000000000000e+00
1.700000000000000000e+01 0.000000000000000000e+00
1.800000000000000000e+01 0.000000000000000000e+00
1.900000000000000000e+01 0.000000000000000000e+00
2.000000000000000000e+01 0.000000000000000000e+00
2.100000000000000000e+01 0.000000000000000000e+00
2.200000000000000000e+01 0.000000000000000000e+00
2.300000000000000000e+01 0.000000000000000000e+00
2.400000000000000000e+01 0.000000000000000000e+00
2.500000000000000000e+01 0.000000000000000000e+00
2.600000000000000000e+01 0.000000000000000000e+00
2.700000000000000000e+01 0.000000000000000000e+00
2.800000000000000000e+01 0.000000000000000000e+00
2.900000000000000000e+01 0.000000000000000000e+00
3.000000000000000000e+01 0.000000000000000000e+00
3.100000000000000000e+01 0.000000000000000000e+00
3.200000000000000000e+01 0.000000000000000000e+00
3.300000000000000000e+01 0.000000000000000000e+00
3.400000000000000000e+01 0.000000000000000000e+00
3.500000000000000000e+01 0.000000000000000000e+00
3.600000000000000000e+01 0.000000000000000000e+00
3.700000000000000000e+01 0.000000000000000000e+00
3.800000000000000000e+01 0.000000000000000000e+00
3.900000000000000000e+01 0.000000000000000000e+00
4.000000000000000000e+01 0.000000000000000000e+00
4.100000000000000000e+01 0.000000000000000000e+00
4.200000000000000000e+01 0.000000000000000000e+00
4.300000000000000000e+01 0.000000000000000000e+00
4.400000000000000000e+01 0.000000000000000000e+00
4.500000000000000000e+01 0.000000000000000000e+00
4.600000000000000000e+01 0.000000000000000000e+00
4.700000000000000000e+01 0.000000000000000000e+00
4.800000000000000000e+01 0.000000000000000000e+00
4.900000000000000000e+01 0.000000000000000000e+00
5.000000000000000000e+01 0.000000000000000000e+00
5.100000000000000000e+01 9.299549070419743657e-02
5.200000000000000000e+01 1.928091045119799674e-01
5.300000000000000000e+01 2.644177919719368219e-01
5.400000000000000000e+01 3.244909988716244698e-01
5.500000000000000000e+01 3.172594513744115829e-01
5.600000000000000000e+01 3.711645137518644333e-01
5.700000000000000000e+01 4.258775301277637482e-01
5.800000000000000000e+01 4.489851947873830795e-01
5.900000000000000000e+01 4.854626692831516266e-01
6.000000000000000000e+01 4.866263270378112793e-01
6.100000000000000000e+01 5.371626652777194977e-01
6.200000000000000000e+01 5.268851257860660553e-01
6.300000000000000000e+01 5.721558593213558197e-01
6.400000000000000000e+01 5.601355992257595062e-01
6.500000000000000000e+01 5.504399463534355164e-01
6.600000000000000000e+01 6.029216386377811432e-01
6.700000000000000000e+01 6.259393021464347839e-01
6.800000000000000000e+01 6.305838041007518768e-01
6.900000000000000000e+01 6.483982354402542114e-01
7.000000000000000000e+01 6.448429748415946960e-01
7.100000000000000000e+01 6.701975911855697632e-01
7.200000000000000000e+01 6.616486907005310059e-01
7.300000000000000000e+01 6.695532351732254028e-01
7.400000000000000000e+01 6.867142766714096069e-01
7.500000000000000000e+01 6.905642226338386536e-01
7.600000000000000000e+01 7.083803936839103699e-01
7.700000000000000000e+01 7.022872269153594971e-01
7.800000000000000000e+01 7.300956547260284424e-01
7.900000000000000000e+01 7.241571024060249329e-01
8.000000000000000000e+01 7.297892570495605469e-01
8.100000000000000000e+01 7.453266307711601257e-01
8.200000000000000000e+01 7.399727925658226013e-01
8.300000000000000000e+01 7.415792346000671387e-01
8.400000000000000000e+01 7.466316148638725281e-01
8.500000000000000000e+01 7.717573791742324829e-01
8.600000000000000000e+01 7.790552675724029541e-01
8.700000000000000000e+01 7.648664042353630066e-01
8.800000000000000000e+01 7.773415222764015198e-01
8.900000000000000000e+01 7.669318839907646179e-01
9.000000000000000000e+01 7.825608775019645691e-01
9.100000000000000000e+01 7.925964966416358948e-01
9.200000000000000000e+01 7.995992302894592285e-01
9.300000000000000000e+01 7.870467007160186768e-01
9.400000000000000000e+01 8.072806894779205322e-01
9.500000000000000000e+01 8.061739802360534668e-01
9.600000000000000000e+01 7.975293323397636414e-01
9.700000000000000000e+01 8.006034567952156067e-01
9.800000000000000000e+01 8.008677884936332703e-01
9.900000000000000000e+01 8.162510469555854797e-01
1.000000000000000000e+02 8.091528266668319702e-01
1.010000000000000000e+02 8.258325457572937012e-01
1.020000000000000000e+02 8.195526152849197388e-01
1.030000000000000000e+02 8.214671984314918518e-01
1.040000000000000000e+02 8.144601508975028992e-01
1.050000000000000000e+02 8.261466696858406067e-01
1.060000000000000000e+02 8.266805112361907959e-01
1.070000000000000000e+02 8.201953396201133728e-01
1.080000000000000000e+02 8.392329365015029907e-01
1.090000000000000000e+02 8.444528281688690186e-01
1.100000000000000000e+02 8.474882245063781738e-01
1.110000000000000000e+02 8.498742952942848206e-01
1.120000000000000000e+02 8.519423604011535645e-01
1.130000000000000000e+02 8.538191840052604675e-01
1.140000000000000000e+02 8.555681407451629639e-01
1.150000000000000000e+02 8.572239428758621216e-01
1.160000000000000000e+02 8.588061630725860596e-01
1.170000000000000000e+02 8.560040444135665894e-01
1.180000000000000000e+02 8.590289577841758728e-01
1.190000000000000000e+02 8.614363074302673340e-01
1.200000000000000000e+02 8.563115373253822327e-01
1.210000000000000000e+02 8.613939210772514343e-01
1.220000000000000000e+02 8.370305523276329041e-01
1.230000000000000000e+02 8.587373942136764526e-01
1.240000000000000000e+02 8.581382408738136292e-01
1.250000000000000000e+02 8.659345060586929321e-01
1.260000000000000000e+02 8.693689927458763123e-01
1.270000000000000000e+02 8.714860975742340088e-01
1.280000000000000000e+02 8.704984635114669800e-01
1.290000000000000000e+02 8.719516620039939880e-01
1.300000000000000000e+02 8.625867813825607300e-01
1.310000000000000000e+02 8.645004704594612122e-01
1.320000000000000000e+02 8.571729063987731934e-01
1.330000000000000000e+02 8.729598373174667358e-01
1.340000000000000000e+02 8.710021376609802246e-01
1.350000000000000000e+02 8.758749812841415405e-01
1.360000000000000000e+02 8.787920922040939331e-01
1.370000000000000000e+02 8.770338222384452820e-01
1.380000000000000000e+02 8.724723830819129944e-01
1.390000000000000000e+02 8.772206082940101624e-01
1.400000000000000000e+02 8.755071312189102173e-01
1.410000000000000000e+02 8.803843632340431213e-01
1.420000000000000000e+02 8.777244016528129578e-01
1.430000000000000000e+02 8.847728669643402100e-01
1.440000000000000000e+02 8.863997533917427063e-01
1.450000000000000000e+02 8.715958446264266968e-01
1.460000000000000000e+02 8.844523131847381592e-01
1.470000000000000000e+02 8.875524327158927917e-01
1.480000000000000000e+02 8.890570625662803650e-01
1.490000000000000000e+02 8.800369873642921448e-01
1.500000000000000000e+02 8.849784880876541138e-01
1.510000000000000000e+02 8.888963907957077026e-01
1.520000000000000000e+02 8.809248358011245728e-01
1.530000000000000000e+02 8.879632353782653809e-01
1.540000000000000000e+02 8.816433027386665344e-01
1.550000000000000000e+02 8.874223679304122925e-01
1.560000000000000000e+02 8.910158276557922363e-01
1.570000000000000000e+02 8.725477084517478943e-01
1.580000000000000000e+02 8.864333331584930420e-01
1.590000000000000000e+02 8.899492770433425903e-01
1.600000000000000000e+02 8.933617770671844482e-01
1.610000000000000000e+02 8.952695950865745544e-01
1.620000000000000000e+02 8.964828625321388245e-01
1.630000000000000000e+02 8.897117152810096741e-01
1.640000000000000000e+02 8.936472311615943909e-01
1.650000000000000000e+02 8.960611224174499512e-01
1.660000000000000000e+02 8.976243063807487488e-01
1.670000000000000000e+02 8.964102342724800110e-01
1.680000000000000000e+02 8.906812444329261780e-01
1.690000000000000000e+02 8.967695906758308411e-01
1.700000000000000000e+02 8.862762004137039185e-01
1.710000000000000000e+02 8.969847261905670166e-01
1.720000000000000000e+02 8.938205763697624207e-01
1.730000000000000000e+02 8.953343629837036133e-01
1.740000000000000000e+02 8.992259651422500610e-01
1.750000000000000000e+02 9.011744409799575806e-01
1.760000000000000000e+02 1.200786925037391484e-01
1.770000000000000000e+02 4.503337932692375034e-02
1.780000000000000000e+02 2.258889056975021958e-02
1.790000000000000000e+02 -2.044274006038904190e-04
1.800000000000000000e+02 -2.472087135538458824e-02
1.810000000000000000e+02 -5.001222668215632439e-02
1.820000000000000000e+02 -7.522319676354527473e-02
1.830000000000000000e+02 -9.983834867307450622e-02
1.840000000000000000e+02 -1.235864204354584217e-01
1.850000000000000000e+02 -1.463342690840363503e-01
1.860000000000000000e+02 -1.680352156981825829e-01
1.870000000000000000e+02 -1.886957520619034767e-01
1.880000000000000000e+02 -2.083529401570558548e-01
1.890000000000000000e+02 -2.270596809685230255e-01
1.900000000000000000e+02 -2.448751851916313171e-01
1.910000000000000000e+02 -1.379426405765116215e-01
1.920000000000000000e+02 -7.542951907089445740e-02
1.930000000000000000e+02 4.219031459651887417e-01
1.940000000000000000e+02 6.359395124018192291e-01
1.950000000000000000e+02 6.076736412942409515e-01
1.960000000000000000e+02 5.817448832094669342e-01
1.970000000000000000e+02 5.579214431345462799e-01
1.980000000000000000e+02 5.359958577901124954e-01
1.990000000000000000e+02 5.157846901565790176e-01
2.000000000000000000e+02 4.971405733376741409e-01
2.010000000000000000e+02 4.799375776201486588e-01
2.020000000000000000e+02 4.640419837087392807e-01
2.030000000000000000e+02 4.493339471518993378e-01
2.040000000000000000e+02 4.357148595154285431e-01
2.050000000000000000e+02 4.230930246412754059e-01
2.060000000000000000e+02 4.113838076591491699e-01
2.070000000000000000e+02 4.005138054490089417e-01
2.080000000000000000e+02 3.904140740633010864e-01
2.090000000000000000e+02 3.810218591243028641e-01
2.100000000000000000e+02 3.722841832786798477e-01
2.110000000000000000e+02 3.641486801207065582e-01
2.120000000000000000e+02 3.565625362098217010e-01
2.130000000000000000e+02 3.494864366948604584e-01
2.140000000000000000e+02 3.428804976865649223e-01
2.150000000000000000e+02 3.367093093693256378e-01
2.160000000000000000e+02 3.309430740773677826e-01
2.170000000000000000e+02 3.255491210147738457e-01
2.180000000000000000e+02 3.204982336610555649e-01
2.190000000000000000e+02 3.157631363719701767e-01
2.200000000000000000e+02 3.113202461972832680e-01
2.210000000000000000e+02 3.071497110649943352e-01
2.220000000000000000e+02 3.032303582876920700e-01
2.230000000000000000e+02 2.995416186749935150e-01
2.240000000000000000e+02 2.960662571713328362e-01
2.250000000000000000e+02 2.927898531779646873e-01
2.260000000000000000e+02 2.896982971578836441e-01
2.270000000000000000e+02 2.867790656164288521e-01
2.280000000000000000e+02 2.840157095342874527e-01
2.290000000000000000e+02 2.813958628103137016e-01
2.300000000000000000e+02 2.789106210693717003e-01
2.310000000000000000e+02 2.765502054244279861e-01
2.320000000000000000e+02 2.743043201044201851e-01
2.330000000000000000e+02 2.721646782010793686e-01
2.340000000000000000e+02 2.701241113245487213e-01
2.350000000000000000e+02 2.681764923036098480e-01
2.360000000000000000e+02 2.663151314482092857e-01
2.370000000000000000e+02 2.645339034497737885e-01
2.380000000000000000e+02 2.628271784633398056e-01
2.390000000000000000e+02 2.611896200105547905e-01
2.400000000000000000e+02 2.596167298033833504e-01
2.410000000000000000e+02 2.581039192155003548e-01
2.420000000000000000e+02 2.566477004438638687e-01
2.430000000000000000e+02 2.552445605397224426e-01
2.440000000000000000e+02 2.538912650197744370e-01
2.450000000000000000e+02 2.525845579802989960e-01
2.460000000000000000e+02 2.513219788670539856e-01
2.470000000000000000e+02 2.500999346375465393e-01
2.480000000000000000e+02 2.489157030358910561e-01
2.490000000000000000e+02 2.477676011621952057e-01
2.500000000000000000e+02 2.466533258557319641e-01
2.510000000000000000e+02 2.455709939822554588e-01
2.520000000000000000e+02 2.445190623402595520e-01
2.530000000000000000e+02 2.434960566461086273e-01
2.540000000000000000e+02 2.425008760765194893e-01
2.550000000000000000e+02 2.415316989645361900e-01
2.560000000000000000e+02 2.405867688357830048e-01
2.570000000000000000e+02 2.396643273532390594e-01
2.580000000000000000e+02 2.387633742764592171e-01
2.590000000000000000e+02 2.378827016800642014e-01
2.600000000000000000e+02 2.370213279500603676e-01
2.610000000000000000e+02 2.361781010404229164e-01
2.620000000000000000e+02 2.353519340977072716e-01
2.630000000000000000e+02 2.345418604090809822e-01
2.640000000000000000e+02 2.337471675127744675e-01
2.650000000000000000e+02 2.329672761261463165e-01
2.660000000000000000e+02 2.322015129029750824e-01
2.670000000000000000e+02 2.314490964636206627e-01
2.680000000000000000e+02 2.307092752307653427e-01
2.690000000000000000e+02 2.299812957644462585e-01
2.700000000000000000e+02 2.292647035792469978e-01
2.710000000000000000e+02 2.285590902902185917e-01
2.720000000000000000e+02 2.278641909360885620e-01
2.730000000000000000e+02 2.271793978288769722e-01
2.740000000000000000e+02 2.265045293606817722e-01
2.750000000000000000e+02 2.258390416391193867e-01
2.760000000000000000e+02 2.251823991537094116e-01
2.770000000000000000e+02 2.245342684909701347e-01
2.780000000000000000e+02 2.238942151889204979e-01
2.790000000000000000e+02 2.232619156129658222e-01
2.800000000000000000e+02 2.226372039876878262e-01
2.810000000000000000e+02 2.220196016132831573e-01
2.820000000000000000e+02 2.214084248989820480e-01
2.830000000000000000e+02 2.208040519617497921e-01
2.840000000000000000e+02 2.202059640549123287e-01
2.850000000000000000e+02 2.196138710714876652e-01
2.860000000000000000e+02 2.190278591588139534e-01
2.870000000000000000e+02 2.184476009570062160e-01
2.880000000000000000e+02 2.178728957660496235e-01
2.890000000000000000e+02 2.173037342727184296e-01
2.900000000000000000e+02 2.167400643229484558e-01
2.910000000000000000e+02 2.161812698468565941e-01
2.920000000000000000e+02 2.156273345462977886e-01
2.930000000000000000e+02 2.150782016105949879e-01
2.940000000000000000e+02 2.145336652174592018e-01
2.950000000000000000e+02 2.139938119798898697e-01
2.960000000000000000e+02 2.134584453888237476e-01
2.970000000000000000e+02 2.129273680038750172e-01
2.980000000000000000e+02 2.124003311619162560e-01
2.990000000000000000e+02 2.118772855028510094e-01
3.000000000000000000e+02 2.113581695593893528e-01
3.010000000000000000e+02 2.108428170904517174e-01
3.020000000000000000e+02 2.103310399688780308e-01
3.030000000000000000e+02 2.098227995447814465e-01
3.040000000000000000e+02 2.093181051313877106e-01
3.050000000000000000e+02 2.088170740753412247e-01
3.060000000000000000e+02 2.083195000886917114e-01
3.070000000000000000e+02 2.078252527862787247e-01
3.080000000000000000e+02 2.073341193608939648e-01
3.090000000000000000e+02 2.068460294976830482e-01
3.100000000000000000e+02 2.063608793541789055e-01
3.110000000000000000e+02 2.058790130540728569e-01
3.120000000000000000e+02 2.054005325771868229e-01
3.130000000000000000e+02 2.049249592237174511e-01
3.140000000000000000e+02 2.044522711075842381e-01
3.150000000000000000e+02 2.039824780076742172e-01
3.160000000000000000e+02 2.035155151970684528e-01
3.170000000000000000e+02 2.030513258650898933e-01
3.180000000000000000e+02 2.025897968560457230e-01
3.190000000000000000e+02 2.021307745017111301e-01
3.200000000000000000e+02 2.016742597334086895e-01
3.210000000000000000e+02 2.012201827019453049e-01
3.220000000000000000e+02 2.007686644792556763e-01
3.230000000000000000e+02 2.003197036683559418e-01
3.240000000000000000e+02 1.998732248321175575e-01
3.250000000000000000e+02 1.994292298331856728e-01
3.260000000000000000e+02 1.989878024905920029e-01
3.270000000000000000e+02 1.985490527004003525e-01
3.280000000000000000e+02 1.981131494976580143e-01
3.290000000000000000e+02 1.976798698306083679e-01
3.300000000000000000e+02 1.972491014748811722e-01
3.310000000000000000e+02 1.968207736499607563e-01
3.320000000000000000e+02 1.963949454948306084e-01
3.330000000000000000e+02 1.959716030396521091e-01
3.340000000000000000e+02 1.955505819059908390e-01
3.350000000000000000e+02 1.951318611390888691e-01
3.360000000000000000e+02 1.947154286317527294e-01
3.370000000000000000e+02 1.943012787960469723e-01
3.380000000000000000e+02 1.938893380574882030e-01
3.390000000000000000e+02 1.934795356355607510e-01
