0.000000000000000000e+00 0.000000000000000000e+00
1.000000000000000000e+00 0.000000000000000000e+00
2.000000000000000000e+00 0.000000000000000000e+00
3.000000000000000000e+00 0.000000000000000000e+00
4.000000000000000000e+00 0.000000000000000000e+00
5.000000000000000000e+00 0.000000000000000000e+00
6.000000000000000000e+00 0.000000000000000000e+00
7.000000000000000000e+00 0.000000000000000000e+00
8.000000000000000000e+00 0.000000000000000000e+00
9.000000000000000000e+00 0.000000000000000000e+00
1.000000000000000000e+01 0.000000000000000000e+00
1.100000000000000000e+01 0.000000000000000000e+00
1.200000000000000000e+01 0.000000000000000000e+00
1.300000000000000000e+01 0.000000000000000000e+00
1.400000000000000000e+01 0.000000000000000000e+00
1.500000000000000000e+01 0.000000000000000000e+00
1.600000000000000000e+01 0.000000000000000000e+00
1.700000000000000000e+01 0.000000000000000000e+00
1.800000000000000000e+01 0.000000000000000000e+00
1.900000000000000000e+01 0.000000000000000000e+00
2.000000000000000000e+01 0.000000000000000000e+00
2.100000000000000000e+01 0.000000000000000000e+00
2.200000000000000000e+01 0.000000000000000000e+00
2.300000000000000000e+01 0.000000000000000000e+00
2.400000000000000000e+01 0.000000000000000000e+00
2.500000000000000000e+01 0.000000000000000000e+00
2.600000000000000000e+01 0.000000000000000000e+00
2.700000000000000000e+01 0.000000000000000000e+00
2.800000000000000000e+01 0.000000000000000000e+00
2.900000000000000000e+01 0.000000000000000000e+00
3.000000000000000000e+01 0.000000000000000000e+00
3.100000000000000000e+01 0.000000000000000000e+00
3.200000000000000000e+01 0.000000000000000000e+00
3.300000000000000000e+01 0.000000000000000000e+00
3.400000000000000000e+01 0.000000000000000000e+00
3.500000000000000000e+01 0.000000000000000000e+00
3.600000000000000000e+01 0.000000000000000000e+00
3.700000000000000000e+01 0.000000000000000000e+00
3.800000000000000000e+01 0.000000000000000000e+00
3.900000000000000000e+01 0.000000000000000000e+00
4.000000000000000000e+01 0.000000000000000000e+00
4.100000000000000000e+01 0.000000000000000000e+00
4.200000000000000000e+01 0.000000000000000000e+00
4.300000000000000000e+01 0.000000000000000000e+00
4.400000000000000000e+01 0.000000000000000000e+00
4.500000000000000000e+01 0.000000000000000000e+00
4.600000000000000000e+01 0.000000000000000000e+00
4.700000000000000000e+01 0.000000000000000000e+00
4.800000000000000000e+01 0.000000000000000000e+00
4.900000000000000000e+01 0.000000000000000000e+00
5.000000000000000000e+01 0.000000000000000000e+00
5.100000000000000000e+01 9.117914876149479930e-02
5.200000000000000000e+01 2.014304912915261536e-01
5.300000000000000000e+01 2.774441657764928904e-01
5.400000000000000000e+01 3.356254344222692199e-01
5.500000000000000000e+01 3.820440766873205440e-01
5.600000000000000000e+01 4.203023486085694094e-01
5.700000000000000000e+01 4.526926746650580813e-01
5.800000000000000000e+01 4.807197932313789224e-01
5.900000000000000000e+01 5.053984648167206828e-01
6.000000000000000000e+01 5.274304905941750166e-01
6.100000000000000000e+01 5.473147766702215478e-01
6.200000000000000000e+01 5.654160411830632116e-01
6.300000000000000000e+01 5.820083126917998673e-01
6.400000000000000000e+01 5.973029286833141382e-01
6.500000000000000000e+01 6.114667524583796698e-01
6.600000000000000000e+01 6.246343375522237507e-01
6.700000000000000000e+01 6.369161991446208315e-01
6.800000000000000000e+01 6.484045623820138271e-01
6.900000000000000000e+01 6.591774464320704352e-01
7.000000000000000000e+01 6.693016295926387249e-01
7.100000000000000000e+01 6.788348469563036947e-01
7.200000000000000000e+01 6.878274510298891808e-01
7.300000000000000000e+01 6.963236890567536808e-01
7.400000000000000000e+01 7.043627015480528053e-01
7.500000000000000000e+01 7.119793143804886704e-01
7.600000000000000000e+01 7.192046754709219281e-01
7.700000000000000000e+01 7.260667726179768078e-01
7.800000000000000000e+01 7.325908591925579527e-01
7.900000000000000000e+01 7.387998074375311530e-01
8.000000000000000000e+01 7.447144042239328687e-01
8.100000000000000000e+01 7.503536005707306389e-01
8.200000000000000000e+01 7.557347236470672858e-01
8.300000000000000000e+01 7.608736580582137199e-01
8.400000000000000000e+01 7.657850017773328855e-01
8.500000000000000000e+01 7.704822009922602799e-01
8.600000000000000000e+01 7.749776672972563674e-01
8.700000000000000000e+01 7.792828800084899976e-01
8.800000000000000000e+01 7.834084758718100616e-01
8.900000000000000000e+01 7.873643280280280266e-01
9.000000000000000000e+01 7.911596157793852058e-01
9.100000000000000000e+01 7.948028864425408235e-01
9.200000000000000000e+01 7.983021103643606065e-01
9.300000000000000000e+01 8.016647300064616566e-01
9.400000000000000000e+01 8.048977038648381654e-01
9.500000000000000000e+01 8.080075458757614015e-01
9.600000000000000000e+01 8.110003608636777717e-01
9.700000000000000000e+01 8.138818765072948214e-01
9.800000000000000000e+01 8.166574722334349890e-01
9.900000000000000000e+01 8.193322053922219572e-01
1.000000000000000000e+02 8.219108350198580659e-01
1.010000000000000000e+02 8.243978434551293422e-01
1.020000000000000000e+02 8.267974560416266883e-01
1.030000000000000000e+02 8.291136591185076510e-01
1.040000000000000000e+02 8.313502164776116476e-01
1.050000000000000000e+02 8.335106844432498274e-01
1.060000000000000000e+02 8.355984257124381420e-01
1.070000000000000000e+02 8.376166220773006987e-01
1.080000000000000000e+02 8.395682861374467176e-01
1.090000000000000000e+02 8.414562720980177657e-01
1.100000000000000000e+02 8.432832857385332836e-01
1.110000000000000000e+02 8.450518936284301397e-01
1.120000000000000000e+02 8.467645316570928671e-01
1.130000000000000000e+02 8.484235129390585994e-01
1.140000000000000000e+02 8.500310351488190586e-01
1.150000000000000000e+02 8.515891873341095986e-01
1.160000000000000000e+02 8.530999562516949908e-01
1.170000000000000000e+02 8.545652322653233268e-01
1.180000000000000000e+02 8.559868148416812650e-01
1.190000000000000000e+02 8.573664176767568090e-01
1.200000000000000000e+02 8.587056734819761283e-01
1.210000000000000000e+02 8.600061384567538880e-01
1.220000000000000000e+02 8.612692964716668342e-01
1.230000000000000000e+02 8.624965629842811232e-01
1.240000000000000000e+02 8.636892887077081138e-01
1.250000000000000000e+02 8.648487630502084134e-01
1.260000000000000000e+02 8.659762173425802345e-01
1.270000000000000000e+02 8.670728278686460344e-01
1.280000000000000000e+02 8.681397187128621074e-01
1.290000000000000000e+02 8.691779644379182823e-01
1.300000000000000000e+02 8.701885926041367236e-01
1.310000000000000000e+02 8.711725861415284822e-01
1.320000000000000000e+02 8.721308855845018027e-01
1.330000000000000000e+02 8.730643911784268241e-01
1.340000000000000000e+02 8.739739648665475480e-01
1.350000000000000000e+02 8.748604321650811366e-01
1.360000000000000000e+02 8.757245839337458593e-01
1.370000000000000000e+02 8.765671780484227682e-01
1.380000000000000000e+02 8.773889409821533647e-01
1.390000000000000000e+02 8.781905693002256541e-01
1.400000000000000000e+02 8.789727310746849875e-01
1.410000000000000000e+02 8.797360672232198420e-01
1.420000000000000000e+02 8.804811927770300750e-01
1.430000000000000000e+02 8.812086980819560100e-01
1.440000000000000000e+02 8.819191499368551623e-01
1.450000000000000000e+02 8.826130926729389703e-01
1.460000000000000000e+02 8.832910491775314288e-01
1.470000000000000000e+02 8.839535218654778204e-01
1.480000000000000000e+02 8.846009936012209085e-01
1.490000000000000000e+02 8.852339285743604513e-01
1.500000000000000000e+02 8.858527731313317055e-01
1.510000000000000000e+02 8.864579565656679483e-01
1.520000000000000000e+02 8.870498918691538393e-01
1.530000000000000000e+02 8.876289764460341125e-01
1.540000000000000000e+02 8.881955927923030902e-01
1.550000000000000000e+02 8.887501091419782728e-01
1.560000000000000000e+02 8.892928800821409130e-01
1.570000000000000000e+02 8.898242471384236740e-01
1.580000000000000000e+02 8.903445393325154500e-01
1.590000000000000000e+02 8.908540737131713794e-01
1.600000000000000000e+02 8.913531558621146100e-01
1.610000000000000000e+02 8.918420803761466509e-01
1.620000000000000000e+02 8.923211313266985467e-01
1.630000000000000000e+02 8.927905826979879444e-01
1.640000000000000000e+02 8.932506988048778407e-01
1.650000000000000000e+02 8.937017346914721827e-01
1.660000000000000000e+02 8.941439365114250970e-01
1.670000000000000000e+02 8.945775418908822330e-01
1.680000000000000000e+02 8.950027802749280781e-01
1.690000000000000000e+02 8.954198732583569242e-01
1.700000000000000000e+02 8.958290349015478604e-01
1.710000000000000000e+02 8.962304720321756513e-01
1.720000000000000000e+02 8.966243845334525009e-01
1.730000000000000000e+02 8.970109656195599523e-01
1.740000000000000000e+02 8.973904020988880958e-01
1.750000000000000000e+02 8.977628746256776093e-01
1.760000000000000000e+02 1.241385067320993352e-01
1.770000000000000000e+02 4.787082952015625503e-02
1.780000000000000000e+02 2.457536270044107657e-02
1.790000000000000000e+02 9.163906879559070850e-04
1.800000000000000000e+02 -2.455948535434005625e-02
1.810000000000000000e+02 -5.070569788385936166e-02
1.820000000000000000e+02 -7.666978577109860582e-02
1.830000000000000000e+02 -1.019694629096620786e-01
1.840000000000000000e+02 -1.263491278874689927e-01
1.850000000000000000e+02 -1.496882290436203633e-01
1.860000000000000000e+02 -1.719486395634499121e-01
1.870000000000000000e+02 -1.931375875855814161e-01
1.880000000000000000e+02 -2.132901611528396080e-01
1.890000000000000000e+02 -2.324565409396045779e-01
1.900000000000000000e+02 -2.506937312628719772e-01
1.910000000000000000e+02 -1.419069601912423262e-01
1.920000000000000000e+02 -7.709485238206238711e-02
1.930000000000000000e+02 -3.031597413731977261e-02
1.940000000000000000e+02 6.658522442492979809e-03
1.950000000000000000e+02 3.709039581760065901e-02
1.960000000000000000e+02 6.264553512205296715e-02
1.970000000000000000e+02 8.431184899291624402e-02
1.980000000000000000e+02 1.027309552207605614e-01
1.990000000000000000e+02 1.185020938840839755e-01
2.000000000000000000e+02 1.321539249313238851e-01
2.010000000000000000e+02 1.440365151401543919e-01
2.020000000000000000e+02 1.544486983014743409e-01
2.030000000000000000e+02 1.636480401218379510e-01
2.040000000000000000e+02 1.717878709457429376e-01
2.050000000000000000e+02 1.790013925396762018e-01
2.060000000000000000e+02 1.854254924209643995e-01
2.070000000000000000e+02 1.911633002487256872e-01
2.080000000000000000e+02 1.962832230596008587e-01
2.090000000000000000e+02 2.008565693937307273e-01
2.100000000000000000e+02 2.049411878585111479e-01
2.110000000000000000e+02 2.085827243466870928e-01
2.120000000000000000e+02 2.118359472703059410e-01
2.130000000000000000e+02 2.147401405511818462e-01
2.140000000000000000e+02 2.173414250243367596e-01
2.150000000000000000e+02 2.196692801928651351e-01
2.160000000000000000e+02 2.217468483662931034e-01
2.170000000000000000e+02 2.235983665110925500e-01
2.180000000000000000e+02 2.252470120339711279e-01
2.190000000000000000e+02 2.267071884313899832e-01
2.200000000000000000e+02 2.279972901097738480e-01
2.210000000000000000e+02 2.291313731862978931e-01
2.220000000000000000e+02 2.301234318642594034e-01
2.230000000000000000e+02 2.309840799785085608e-01
2.240000000000000000e+02 2.317259667873866336e-01
2.250000000000000000e+02 2.323587221922201740e-01
2.260000000000000000e+02 2.328920765635810741e-01
2.270000000000000000e+02 2.333353781724655240e-01
2.280000000000000000e+02 2.336969477048435884e-01
2.290000000000000000e+02 2.339831494594557526e-01
2.300000000000000000e+02 2.342000180857895519e-01
2.310000000000000000e+02 2.343536595570393510e-01
2.320000000000000000e+02 2.344498515902739277e-01
2.330000000000000000e+02 2.344930707093096922e-01
2.340000000000000000e+02 2.344877357895521763e-01
2.350000000000000000e+02 2.344377259500627086e-01
2.360000000000000000e+02 2.343467996562553779e-01
2.370000000000000000e+02 2.342185316325290367e-01
2.380000000000000000e+02 2.340563714321707844e-01
2.390000000000000000e+02 2.338631515627923596e-01
2.400000000000000000e+02 2.336412097810532940e-01
2.410000000000000000e+02 2.333932376625679761e-01
2.420000000000000000e+02 2.331217213661096188e-01
2.430000000000000000e+02 2.328290368919824216e-01
2.440000000000000000e+02 2.325171935701346171e-01
2.450000000000000000e+02 2.321873060094093444e-01
2.460000000000000000e+02 2.318405867011098798e-01
2.470000000000000000e+02 2.314783874472085001e-01
2.480000000000000000e+02 2.311021202676918351e-01
2.490000000000000000e+02 2.307129842902071737e-01
2.500000000000000000e+02 2.303120071233532851e-01
2.510000000000000000e+02 2.299002534717046742e-01
2.520000000000000000e+02 2.294787247547828424e-01
2.530000000000000000e+02 2.290487471192885482e-01
2.540000000000000000e+02 2.286111956048085259e-01
2.550000000000000000e+02 2.281664102733317878e-01
2.560000000000000000e+02 2.277149622295476239e-01
2.570000000000000000e+02 2.272576669576288622e-01
2.580000000000000000e+02 2.267950969209206746e-01
2.590000000000000000e+02 2.263275818309270770e-01
2.600000000000000000e+02 2.258558088012341813e-01
2.610000000000000000e+02 2.253804183297382357e-01
2.620000000000000000e+02 2.249018279287590127e-01
2.630000000000000000e+02 2.244205282373495647e-01
2.640000000000000000e+02 2.239368842943090243e-01
2.650000000000000000e+02 2.234511256157090675e-01
2.660000000000000000e+02 2.229633873708868341e-01
2.670000000000000000e+02 2.224741755566882473e-01
2.680000000000000000e+02 2.219838094509273552e-01
2.690000000000000000e+02 2.214925233547447858e-01
2.700000000000000000e+02 2.210006300097809850e-01
2.710000000000000000e+02 2.205083980966054125e-01
2.720000000000000000e+02 2.200149713741560431e-01
2.730000000000000000e+02 2.195215775765126942e-01
2.740000000000000000e+02 2.190283851364920875e-01
2.750000000000000000e+02 2.185352325603787116e-01
2.760000000000000000e+02 2.180425803774657389e-01
2.770000000000000000e+02 2.175504680095261545e-01
2.780000000000000000e+02 2.170590621818092592e-01
2.790000000000000000e+02 2.165685053987208286e-01
2.800000000000000000e+02 2.160789323736586331e-01
2.810000000000000000e+02 2.155904280702669873e-01
2.820000000000000000e+02 2.151030795118262784e-01
2.830000000000000000e+02 2.146171083867865481e-01
2.840000000000000000e+02 2.141325985031969636e-01
2.850000000000000000e+02 2.136496440877234393e-01
2.860000000000000000e+02 2.131684132734449622e-01
2.870000000000000000e+02 2.126889454444990113e-01
2.880000000000000000e+02 2.122113244401676035e-01
2.890000000000000000e+02 2.117356338276334404e-01
2.900000000000000000e+02 2.112617738930092637e-01
2.910000000000000000e+02 2.107898102019482023e-01
2.920000000000000000e+02 2.103199266197071093e-01
2.930000000000000000e+02 2.098519941623627760e-01
2.940000000000000000e+02 2.093859588351753565e-01
2.950000000000000000e+02 2.089214935047470911e-01
2.960000000000000000e+02 2.084588870678282801e-01
2.970000000000000000e+02 2.079982131572896131e-01
2.980000000000000000e+02 2.075396776762444273e-01
2.990000000000000000e+02 2.070831540043018282e-01
3.000000000000000000e+02 2.066282588369052209e-01
3.010000000000000000e+02 2.061749701755387632e-01
3.020000000000000000e+02 2.057235386533105004e-01
3.030000000000000000e+02 2.052740304131140947e-01
3.040000000000000000e+02 2.048264837097328872e-01
3.050000000000000000e+02 2.043809368962720141e-01
3.060000000000000000e+02 2.039375080964135889e-01
3.070000000000000000e+02 2.034963347482324769e-01
3.080000000000000000e+02 2.030573179871558442e-01
3.090000000000000000e+02 2.026203806929716689e-01
3.100000000000000000e+02 2.021855454767884919e-01
3.110000000000000000e+02 2.017527780866510412e-01
3.120000000000000000e+02 2.013221042685943429e-01
3.130000000000000000e+02 2.008934707621226057e-01
3.140000000000000000e+02 2.004671921896909736e-01
3.150000000000000000e+02 2.000434766783797946e-01
3.160000000000000000e+02 1.996220881359828947e-01
3.170000000000000000e+02 1.992029471622102366e-01
3.180000000000000000e+02 1.987860201604191301e-01
3.190000000000000000e+02 1.983712631184544328e-01
3.200000000000000000e+02 1.979586155844160755e-01
3.210000000000000000e+02 1.975479125542853320e-01
3.220000000000000000e+02 1.971391304905562580e-01
3.230000000000000000e+02 1.967322426921207790e-01
3.240000000000000000e+02 1.963272519763764046e-01
3.250000000000000000e+02 1.959242518193911042e-01
3.260000000000000000e+02 1.955231841168343920e-01
3.270000000000000000e+02 1.951240067129033917e-01
3.280000000000000000e+02 1.947266765951155554e-01
3.290000000000000000e+02 1.943313244690703656e-01
3.300000000000000000e+02 1.939382516355211139e-01
3.310000000000000000e+02 1.935473003147274440e-01
3.320000000000000000e+02 1.931583169970790825e-01
3.330000000000000000e+02 1.927710997370149504e-01
3.340000000000000000e+02 1.923856348953866813e-01
3.350000000000000000e+02 1.920020107403809795e-01
3.360000000000000000e+02 1.916201314005376299e-01
3.370000000000000000e+02 1.912399353073958308e-01
3.380000000000000000e+02 1.908613638782641342e-01
3.390000000000000000e+02 1.904844560835259881e-01
