0.000000000000000000e+00 0.000000000000000000e+00
1.000000000000000000e+00 0.000000000000000000e+00
2.000000000000000000e+00 0.000000000000000000e+00
3.000000000000000000e+00 0.000000000000000000e+00
4.000000000000000000e+00 0.000000000000000000e+00
5.000000000000000000e+00 0.000000000000000000e+00
6.000000000000000000e+00 0.000000000000000000e+00
7.000000000000000000e+00 0.000000000000000000e+00
8.000000000000000000e+00 0.000000000000000000e+00
9.000000000000000000e+00 0.000000000000000000e+00
1.000000000000000000e+01 0.000000000000000000e+00
1.100000000000000000e+01 0.000000000000000000e+00
1.200000000000000000e+01 0.000000000000000000e+00
1.300000000000000000e+01 0.000000000000000000e+00
1.400000000000000000e+01 0.000000000000000000e+00
1.500000000000000000e+01 0.000000000000000000e+00
1.600000000000000000e+01 0.000000000000000000e+00
1.700000000000000000e+01 0.000000000000000000e+00
1.800000000000000000e+01 0.000000000000000000e+00
1.900000000000000000e+01 0.000000000000000000e+00
2.000000000000000000e+01 0.000000000000000000e+00
2.100000000000000000e+01 0.000000000000000000e+00
2.200000000000000000e+01 0.000000000000000000e+00
2.300000000000000000e+01 0.000000000000000000e+00
2.400000000000000000e+01 0.000000000000000000e+00
2.500000000000000000e+01 0.000000000000000000e+00
2.600000000000000000e+01 0.000000000000000000e+00
2.700000000000000000e+01 0.000000000000000000e+00
2.800000000000000000e+01 0.000000000000000000e+00
2.900000000000000000e+01 0.000000000000000000e+00
3.000000000000000000e+01 0.000000000000000000e+00
3.100000000000000000e+01 0.000000000000000000e+00
3.200000000000000000e+01 0.000000000000000000e+00
3.300000000000000000e+01 0.000000000000000000e+00
3.400000000000000000e+01 0.000000000000000000e+00
3.500000000000000000e+01 0.000000000000000000e+00
3.600000000000000000e+01 0.000000000000000000e+00
3.700000000000000000e+01 0.000000000000000000e+00
3.800000000000000000e+01 0.000000000000000000e+00
3.900000000000000000e+01 0.000000000000000000e+00
4.000000000000000000e+01 0.000000000000000000e+00
4.100000000000000000e+01 0.000000000000000000e+00
4.200000000000000000e+01 0.000000000000000000e+00
4.300000000000000000e+01 0.000000000000000000e+00
4.400000000000000000e+01 0.000000000000000000e+00
4.500000000000000000e+01 0.000000000000000000e+00
4.600000000000000000e+01 0.000000000000000000e+00
4.700000000000000000e+01 0.000000000000000000e+00
4.800000000000000000e+01 0.000000000000000000e+00
4.900000000000000000e+01 0.000000000000000000e+00
5.000000000000000000e+01 0.000000000000000000e+00
5.100000000000000000e+01 1.356731781270354986e-01
5.200000000000000000e+01 2.150052157230675220e-01
5.300000000000000000e+01 2.716856366023421288e-01
5.400000000000000000e+01 2.904287325218319893e-01
5.500000000000000000e+01 3.807423580437898636e-01
5.600000000000000000e+01 4.053710401058197021e-01
5.700000000000000000e+01 4.576786197721958160e-01
5.800000000000000000e+01 4.727991148829460144e-01
5.900000000000000000e+01 5.129927322268486023e-01
6.000000000000000000e+01 5.438570752739906311e-01
6.100000000000000000e+01 5.693720988929271698e-01
6.200000000000000000e+01 5.358595252037048340e-01
6.300000000000000000e+01 5.980318151414394379e-01
6.400000000000000000e+01 6.082756258547306061e-01
6.500000000000000000e+01 6.349077597260475159e-01
6.600000000000000000e+01 6.504372395575046539e-01
6.700000000000000000e+01 6.263167820870876312e-01
6.800000000000000000e+01 6.691056489944458008e-01
6.900000000000000000e+01 6.836784183979034424e-01
7.000000000000000000e+01 6.867143623530864716e-01
7.100000000000000000e+01 7.035671770572662354e-01
7.200000000000000000e+01 6.913150772452354431e-01
7.300000000000000000e+01 7.202456556260585785e-01
7.400000000000000000e+01 7.297522127628326416e-01
7.500000000000000000e+01 7.260532975196838379e-01
7.600000000000000000e+01 7.340135127305984497e-01
7.700000000000000000e+01 7.297266423702239990e-01
7.800000000000000000e+01 7.497705258429050446e-01
7.900000000000000000e+01 7.581513486802577972e-01
8.000000000000000000e+01 7.380427494645118713e-01
8.100000000000000000e+01 7.659035995602607727e-01
8.200000000000000000e+01 7.599386721849441528e-01
8.300000000000000000e+01 7.711133956909179688e-01
8.400000000000000000e+01 7.643864676356315613e-01
8.500000000000000000e+01 7.800186723470687866e-01
8.600000000000000000e+01 7.791373580694198608e-01
8.700000000000000000e+01 7.893860787153244019e-01
8.800000000000000000e+01 7.604871243238449097e-01
8.900000000000000000e+01 7.927052676677703857e-01
9.000000000000000000e+01 7.978294342756271362e-01
9.100000000000000000e+01 8.012622371315956116e-01
9.200000000000000000e+01 7.919171527028083801e-01
9.300000000000000000e+01 8.038063421845436096e-01
9.400000000000000000e+01 8.084638342261314392e-01
9.500000000000000000e+01 7.912605851888656616e-01
9.600000000000000000e+01 7.948871254920959473e-01
9.700000000000000000e+01 8.095844611525535583e-01
9.800000000000000000e+01 8.146876618266105652e-01
9.900000000000000000e+01 8.071646168828010559e-01
1.000000000000000000e+02 8.193374499678611755e-01
1.010000000000000000e+02 8.213917165994644165e-01
1.020000000000000000e+02 8.113290891051292419e-01
1.030000000000000000e+02 8.227575793862342834e-01
1.040000000000000000e+02 8.071597963571548462e-01
1.050000000000000000e+02 8.239763602614402771e-01
1.060000000000000000e+02 8.080332651734352112e-01
1.070000000000000000e+02 8.240028694272041321e-01
1.080000000000000000e+02 8.302246257662773132e-01
1.090000000000000000e+02 8.317535221576690674e-01
1.100000000000000000e+02 8.322894349694252014e-01
1.110000000000000000e+02 8.337059989571571350e-01
1.120000000000000000e+02 8.350401073694229126e-01
1.130000000000000000e+02 8.362993970513343811e-01
1.140000000000000000e+02 8.374902755022048950e-01
1.150000000000000000e+02 8.386181294918060303e-01
1.160000000000000000e+02 8.396878987550735474e-01
1.170000000000000000e+02 8.407038152217864990e-01
1.180000000000000000e+02 8.416698500514030457e-01
1.190000000000000000e+02 8.288381919264793396e-01
1.200000000000000000e+02 8.306487947702407837e-01
1.210000000000000000e+02 8.425552099943161011e-01
1.220000000000000000e+02 8.437522128224372864e-01
1.230000000000000000e+02 8.447080850601196289e-01
1.240000000000000000e+02 8.455611169338226318e-01
1.250000000000000000e+02 8.164570406079292297e-01
1.260000000000000000e+02 8.449215963482856750e-01
1.270000000000000000e+02 8.465128913521766663e-01
1.280000000000000000e+02 8.472476676106452942e-01
1.290000000000000000e+02 8.460286781191825867e-01
1.300000000000000000e+02 8.481832072138786316e-01
1.310000000000000000e+02 8.491258099675178528e-01
1.320000000000000000e+02 8.382051363587379456e-01
1.330000000000000000e+02 8.232845962047576904e-01
1.340000000000000000e+02 8.443535938858985901e-01
1.350000000000000000e+02 8.399288505315780640e-01
1.360000000000000000e+02 8.497043922543525696e-01
1.370000000000000000e+02 8.146346062421798706e-01
1.380000000000000000e+02 8.378698006272315979e-01
1.390000000000000000e+02 8.494090363383293152e-01
1.400000000000000000e+02 8.503600955009460449e-01
1.410000000000000000e+02 8.509974628686904907e-01
1.420000000000000000e+02 8.511902540922164917e-01
1.430000000000000000e+02 8.517865911126136780e-01
1.440000000000000000e+02 8.467350080609321594e-01
1.450000000000000000e+02 8.521980792284011841e-01
1.460000000000000000e+02 8.530662953853607178e-01
1.470000000000000000e+02 8.437735289335250854e-01
1.480000000000000000e+02 8.530741631984710693e-01
1.490000000000000000e+02 8.494271785020828247e-01
1.500000000000000000e+02 8.535057455301284790e-01
1.510000000000000000e+02 8.311810120940208435e-01
1.520000000000000000e+02 8.402839750051498413e-01
1.530000000000000000e+02 8.521009534597396851e-01
1.540000000000000000e+02 8.542399853467941284e-01
1.550000000000000000e+02 8.549444973468780518e-01
1.560000000000000000e+02 8.554109036922454834e-01
1.570000000000000000e+02 8.558218479156494141e-01
1.580000000000000000e+02 8.335842490196228027e-01
1.590000000000000000e+02 8.537130653858184814e-01
1.600000000000000000e+02 8.558034300804138184e-01
1.610000000000000000e+02 8.432445079088211060e-01
1.620000000000000000e+02 8.465002030134201050e-01
1.630000000000000000e+02 8.524291366338729858e-01
1.640000000000000000e+02 8.563378378748893738e-01
1.650000000000000000e+02 8.564934432506561279e-01
1.660000000000000000e+02 8.568907231092453003e-01
1.670000000000000000e+02 8.518378362059593201e-01
1.680000000000000000e+02 8.569270297884941101e-01
1.690000000000000000e+02 8.575968369841575623e-01
1.700000000000000000e+02 8.451611921191215515e-01
1.710000000000000000e+02 8.459896445274353027e-01
1.720000000000000000e+02 8.463311791419982910e-01
1.730000000000000000e+02 8.568155989050865173e-01
1.740000000000000000e+02 8.574781641364097595e-01
1.750000000000000000e+02 8.487833589315414429e-01
1.760000000000000000e+02 2.443007412366569042e-01
1.770000000000000000e+02 1.796731794602237642e-01
1.780000000000000000e+02 1.230156172532588243e-01
1.790000000000000000e+02 7.131569040939211845e-02
1.800000000000000000e+02 2.426936884876340628e-02
1.810000000000000000e+02 -1.911092828959226608e-02
1.820000000000000000e+02 -5.933712609112262726e-02
1.830000000000000000e+02 -9.742477862164378166e-02
1.840000000000000000e+02 -1.337077023345045745e-01
1.850000000000000000e+02 -1.681774873286485672e-01
1.860000000000000000e+02 -2.008925799455028027e-01
1.870000000000000000e+02 -2.319235992617905140e-01
1.880000000000000000e+02 -2.612541811540722847e-01
1.890000000000000000e+02 -2.889387877658009529e-01
1.900000000000000000e+02 -3.150232043117284775e-01
1.910000000000000000e+02 -1.289385412819683552e-01
1.920000000000000000e+02 -3.430461266543716192e-02
1.930000000000000000e+02 2.243728667963296175e-02
1.940000000000000000e+02 5.930953019560547546e-02
1.950000000000000000e+02 8.433873947069514543e-02
1.960000000000000000e+02 1.021576970956630248e-01
1.970000000000000000e+02 1.153440731802675145e-01
1.980000000000000000e+02 1.252892164314971524e-01
1.990000000000000000e+02 1.329514459694109973e-01
2.000000000000000000e+02 1.389178588506183587e-01
2.010000000000000000e+02 1.436930389859298884e-01
2.020000000000000000e+02 1.475492208164723706e-01
2.030000000000000000e+02 1.506549542191351065e-01
2.040000000000000000e+02 1.532399942730080511e-01
2.050000000000000000e+02 1.554233686370025680e-01
2.060000000000000000e+02 1.572851577075198293e-01
2.070000000000000000e+02 1.588473076330956246e-01
2.080000000000000000e+02 1.601571371911632014e-01
2.090000000000000000e+02 1.612672333703812910e-01
2.100000000000000000e+02 1.621959355993567442e-01
2.110000000000000000e+02 1.629532474453299074e-01
2.120000000000000000e+02 1.635549553020609892e-01
2.130000000000000000e+02 1.640311960823055415e-01
2.140000000000000000e+02 1.643968874132042401e-01
2.150000000000000000e+02 1.646597188482701313e-01
2.160000000000000000e+02 1.648351014209765708e-01
2.170000000000000000e+02 1.649325534453964792e-01
2.180000000000000000e+02 1.649624165129353059e-01
2.190000000000000000e+02 1.649291211633681087e-01
2.200000000000000000e+02 1.648394155331516231e-01
2.210000000000000000e+02 1.647001661076501478e-01
2.220000000000000000e+02 1.645114744528655137e-01
2.230000000000000000e+02 1.642787606665478961e-01
2.240000000000000000e+02 1.640077465854119509e-01
2.250000000000000000e+02 1.637009921969365678e-01
2.260000000000000000e+02 1.633613482886175916e-01
2.270000000000000000e+02 1.629906947418930940e-01
2.280000000000000000e+02 1.625915503300348064e-01
2.290000000000000000e+02 1.621665265197407280e-01
2.300000000000000000e+02 1.617192843596058083e-01
2.310000000000000000e+02 1.612528035948344041e-01
2.320000000000000000e+02 1.607699834189588728e-01
2.330000000000000000e+02 1.602724685385510384e-01
2.340000000000000000e+02 1.597614007482661691e-01
2.350000000000000000e+02 1.592376268458792765e-01
2.360000000000000000e+02 1.587033866594538267e-01
2.370000000000000000e+02 1.581598077755188569e-01
2.380000000000000000e+02 1.576077812324001570e-01
2.390000000000000000e+02 1.570484274129739788e-01
2.400000000000000000e+02 1.564827470233467466e-01
2.410000000000000000e+02 1.559121805885297363e-01
2.420000000000000000e+02 1.553379339525235991e-01
2.430000000000000000e+02 1.547607491602320806e-01
2.440000000000000000e+02 1.541814862907813222e-01
2.450000000000000000e+02 1.536005774610202934e-01
2.460000000000000000e+02 1.530185374572283763e-01
2.470000000000000000e+02 1.524358568458410446e-01
2.480000000000000000e+02 1.518528841679653851e-01
2.490000000000000000e+02 1.512700274715825799e-01
2.500000000000000000e+02 1.506877088477267534e-01
2.510000000000000000e+02 1.501064567883076961e-01
2.520000000000000000e+02 1.495265810335695278e-01
2.530000000000000000e+02 1.489484049584461900e-01
2.540000000000000000e+02 1.483721857898672170e-01
2.550000000000000000e+02 1.477981942784936109e-01
2.560000000000000000e+02 1.472264955946229747e-01
2.570000000000000000e+02 1.466572603817439813e-01
2.580000000000000000e+02 1.460911745334669831e-01
2.590000000000000000e+02 1.455286678560696600e-01
2.600000000000000000e+02 1.449692083328955050e-01
2.610000000000000000e+02 1.444124357744840381e-01
2.620000000000000000e+02 1.438585909277207975e-01
2.630000000000000000e+02 1.433077846204469097e-01
2.640000000000000000e+02 1.427601463042265095e-01
2.650000000000000000e+02 1.422158031023172953e-01
2.660000000000000000e+02 1.416747147295609466e-01
2.670000000000000000e+02 1.411369820016261656e-01
2.680000000000000000e+02 1.406027420584905485e-01
2.690000000000000000e+02 1.400721124796291406e-01
2.700000000000000000e+02 1.395454283083381597e-01
2.710000000000000000e+02 1.390225503105284588e-01
2.720000000000000000e+02 1.385033801102508733e-01
2.730000000000000000e+02 1.379876843548117904e-01
2.740000000000000000e+02 1.374753661843897135e-01
2.750000000000000000e+02 1.369664564267623064e-01
2.760000000000000000e+02 1.364611249186964415e-01
2.770000000000000000e+02 1.359588684545087744e-01
2.780000000000000000e+02 1.354596574597053404e-01
2.790000000000000000e+02 1.349638434908229101e-01
2.800000000000000000e+02 1.344715565755905118e-01
2.810000000000000000e+02 1.339827865631377790e-01
2.820000000000000000e+02 1.334976073658253881e-01
2.830000000000000000e+02 1.330160004667959583e-01
2.840000000000000000e+02 1.325379787936071807e-01
2.850000000000000000e+02 1.320635061333632621e-01
2.860000000000000000e+02 1.315926135621339199e-01
2.870000000000000000e+02 1.311252524137671571e-01
2.880000000000000000e+02 1.306614005670780898e-01
2.890000000000000000e+02 1.302010163435625145e-01
2.900000000000000000e+02 1.297440660969186865e-01
2.910000000000000000e+02 1.292905263098873547e-01
2.920000000000000000e+02 1.288399845225285389e-01
2.930000000000000000e+02 1.283924689068953739e-01
2.940000000000000000e+02 1.279480254465852340e-01
2.950000000000000000e+02 1.275068044401450607e-01
2.960000000000000000e+02 1.270683048446699104e-01
2.970000000000000000e+02 1.266327274788636714e-01
2.980000000000000000e+02 1.262002219282294391e-01
2.990000000000000000e+02 1.257708491898483771e-01
3.000000000000000000e+02 1.253445800384724862e-01
3.010000000000000000e+02 1.249214223887520347e-01
3.020000000000000000e+02 1.245008209377829189e-01
3.030000000000000000e+02 1.240830556641867588e-01
3.040000000000000000e+02 1.236683123649982008e-01
3.050000000000000000e+02 1.232564682215979701e-01
3.060000000000000000e+02 1.228471978527068131e-01
3.070000000000000000e+02 1.224406181386257231e-01
3.080000000000000000e+02 1.220367839018763334e-01
3.090000000000000000e+02 1.216356539350726962e-01
3.100000000000000000e+02 1.212373189271147567e-01
3.110000000000000000e+02 1.208417434886541741e-01
3.120000000000000000e+02 1.204489012286558136e-01
3.130000000000000000e+02 1.200589118507195963e-01
3.140000000000000000e+02 1.196717992149842757e-01
3.150000000000000000e+02 1.192874723044496932e-01
3.160000000000000000e+02 1.189058477293656324e-01
3.170000000000000000e+02 1.185268443230143021e-01
3.180000000000000000e+02 1.181502751121570327e-01
3.190000000000000000e+02 1.177762907325359265e-01
3.200000000000000000e+02 1.174047713898289658e-01
3.210000000000000000e+02 1.170353476952641358e-01
3.220000000000000000e+02 1.166684860652367206e-01
3.230000000000000000e+02 1.163041319011881569e-01
3.240000000000000000e+02 1.159421271097471617e-01
3.250000000000000000e+02 1.155820889750884817e-01
3.260000000000000000e+02 1.152243390940839163e-01
3.270000000000000000e+02 1.148689183285114268e-01
3.280000000000000000e+02 1.145157805178769195e-01
3.290000000000000000e+02 1.141650399247282621e-01
3.300000000000000000e+02 1.138167014375994768e-01
3.310000000000000000e+02 1.134707384555895260e-01
3.320000000000000000e+02 1.131271514423133340e-01
3.330000000000000000e+02 1.127860199071619718e-01
3.340000000000000000e+02 1.124472273195351590e-01
3.350000000000000000e+02 1.121106764790056332e-01
3.360000000000000000e+02 1.117762539386149001e-01
3.370000000000000000e+02 1.114439688926722738e-01
3.380000000000000000e+02 1.111137655773291044e-01
3.390000000000000000e+02 1.107853531846103579e-01
