-7.959603518247604370e-02
1.538175530731678009e-02
5.041053518652915955e-03
-1.017353832721710205e-01
-1.990605145692825317e-01
-7.117609679698944092e-02
-1.182406470179557800e-01
-1.179834306240081787e-01
2.036167681217193604e-02
1.264527142047882080e-01
1.005268469452857971e-02
3.854570165276527405e-02
1.579828858375549316e-01
1.738899201154708862e-01
-5.243818089365959167e-02
1.321211084723472595e-02
8.426538109779357910e-02
1.042702496051788330e-01
-2.260468900203704834e-03
9.923560172319412231e-02
4.293016716837882996e-02
1.683327257633209229e-01
6.679964065551757812e-02
4.540611431002616882e-02
-1.563114225864410400e-01
-1.787909865379333496e-01
-4.688631370663642883e-02
-4.638015478849411011e-02
-2.109802663326263428e-01
-1.612091511487960815e-01
-1.146101579070091248e-01
-1.119531020522117615e-01
-6.948143988847732544e-02
4.207161068916320801e-02
-5.828198045492172241e-03
-1.658968627452850342e-03
8.781498670578002930e-02
-3.689012676477432251e-02
-5.679696798324584961e-02
-1.341107487678527832e-02
-2.376981675624847412e-01
-3.214808106422424316e-01
-4.967027604579925537e-01
-5.257715582847595215e-01
-5.600772500038146973e-01
-6.368565559387207031e-01
-5.043950080871582031e-01
-3.981947302818298340e-01
-3.708860278129577637e-01
-1.825876682996749878e-01
-1.923101097345352173e-01
-1.687298268079757690e-01
-3.371927514672279358e-02
2.402598857879638672e-01
2.079083472490310669e-01
1.044290512800216675e-01
3.793936222791671753e-02
4.053062200546264648e-02
1.008420661091804504e-01
1.043382138013839722e-01
8.134485781192779541e-02
-1.617657393217086792e-01
-1.038910448551177979e-01
-1.622940301895141602e-01
-1.347363889217376709e-01
-1.877270936965942383e-01
-6.400264799594879150e-02
-1.119157075881958008e-01
-9.144818782806396484e-02
1.406241487711668015e-02
7.092046737670898438e-02
1.412128508090972900e-01
7.504498958587646484e-02
2.045532912015914917e-01
2.705220282077789307e-01
2.476638853549957275e-01
2.593972980976104736e-01
1.899789273738861084e-01
1.589509844779968262e-01
1.670736968517303467e-01
3.061884343624114990e-01
2.778772413730621338e-01
2.682727575302124023e-01
4.285784065723419189e-01
2.185125201940536499e-01
2.613937854766845703e-01
3.748607635498046875e-01
3.359294235706329346e-01
3.604517281055450439e-01
2.698426842689514160e-01
3.327556252479553223e-01
2.476818487048149109e-02
2.007188051939010620e-01
4.296534694731235504e-03
1.317498683929443359e-01
1.007914170622825623e-02
2.284108847379684448e-02
2.178174853324890137e-01
3.095797002315521240e-01
3.275451660156250000e-01
4.099913239479064941e-01
4.782321155071258545e-01
5.838502645492553711e-01
5.563138723373413086e-01
5.250343084335327148e-01
5.639863610267639160e-01
4.106655716896057129e-01
4.619328081607818604e-01
5.011938214302062988e-01
5.333001613616943359e-01
3.880375027656555176e-01
3.295279741287231445e-01
2.227156460285186768e-01
1.672024130821228027e-01
2.444703876972198486e-01
8.931526541709899902e-02
3.260759711265563965e-01
2.382659167051315308e-01
9.952626377344131470e-02
9.200314059853553772e-03
7.539521902799606323e-02
9.266912192106246948e-02
1.617016494274139404e-01
1.511831283569335938e-01
3.137096762657165527e-02
3.400543332099914551e-02
-2.049151808023452759e-03
-3.646560385823249817e-02
1.300398111343383789e-01
1.322223991155624390e-01
3.442211151123046875e-01
3.711232244968414307e-01
4.061967730522155762e-01
3.421430885791778564e-01
3.940847814083099365e-01
2.830397784709930420e-01
1.398527026176452637e-01
2.697920501232147217e-01
1.686083078384399414e-01
2.990972697734832764e-01
3.343410491943359375e-01
3.810076415538787842e-01
4.080282449722290039e-01
2.751092612743377686e-01
2.634517848491668701e-01
2.307243794202804565e-01
-2.301708608865737915e-02
6.641655415296554565e-02
1.419670879840850830e-03
-4.412841796875000000e-02
-1.399315297603607178e-01
-1.352460682392120361e-01
2.509679645299911499e-02
-9.390723705291748047e-02
1.152738742530345917e-02
-1.318940818309783936e-01
-1.764593273401260376e-01
-1.944551020860671997e-01
-1.416077017784118652e-01
-3.930400907993316650e-01
-3.157271444797515869e-01
-2.927480041980743408e-01
-4.762395918369293213e-01
-4.223119020462036133e-01
-2.373402565717697144e-01
-1.897533535957336426e-01
-2.348221689462661743e-01
-3.676407933235168457e-01
-4.257234632968902588e-01
-4.615716338157653809e-01
-4.346755743026733398e-01
-5.553134679794311523e-01
-4.766516089439392090e-01
-2.140041589736938477e-01
-1.935625076293945312e-01
-2.185963988304138184e-01
-1.655645817518234253e-01
8.697137236595153809e-04
-1.371436566114425659e-01
1.045332029461860657e-01
1.820351481437683105e-01
1.294822394847869873e-01
-8.770871907472610474e-02
-2.033353969454765320e-02
7.074885070323944092e-02
2.424469888210296631e-01
2.137715071439743042e-01
-1.014956086874008179e-01
-7.853969931602478027e-02
-2.267364263534545898e-01
-1.264709681272506714e-01
-6.617616117000579834e-02
-5.422838404774665833e-02
-7.945202291011810303e-02
-5.346612259745597839e-02
-2.582255005836486816e-01
-1.114654093980789185e-01
-1.414538174867630005e-02
1.739988327026367188e-01
2.082554548978805542e-01
1.569394171237945557e-01
2.869540750980377197e-01
2.055622190237045288e-01
2.626500725746154785e-01
-7.243122905492782593e-03
-1.649867296218872070e-01
8.814547955989837646e-02
-9.763114899396896362e-02
-4.566263034939765930e-02
3.663301467895507812e-02
3.322254493832588196e-02
1.260898709297180176e-01
-1.284910887479782104e-01
-1.758284270763397217e-01
-2.225091457366943359e-01
-2.233646437525749207e-02
3.678131103515625000e-02
-9.237788617610931396e-02
-2.067579180002212524e-01
-2.662493586540222168e-01
-2.625252306461334229e-01
-2.881745100021362305e-01
-1.914550513029098511e-01
-5.308667570352554321e-02
-6.534702330827713013e-02
-2.777411937713623047e-01
-1.868384778499603271e-01
-1.742357015609741211e-01
-2.030164301395416260e-01
-3.510106801986694336e-01
-3.446751832962036133e-01
-3.309630453586578369e-01
-5.846899002790451050e-02
-1.470330543816089630e-02
-7.792480289936065674e-02
4.584240540862083435e-02
1.245427578687667847e-01
-3.035027347505092621e-02
-2.159567549824714661e-03
5.789352953433990479e-02
7.225099205970764160e-02
1.787835806608200073e-01
3.415191173553466797e-01
5.596039816737174988e-02
-5.692720040678977966e-02
-4.083801805973052979e-02
-7.664691656827926636e-04
7.859384641051292419e-03
-1.488298177719116211e-03
1.863540560007095337e-01
7.537041604518890381e-02
5.072867870330810547e-02
1.040816903114318848e-01
3.200320005416870117e-01
1.842207908630371094e-01
8.573746681213378906e-02
1.244653388857841492e-02
-3.189250454306602478e-02
-9.122440218925476074e-02
3.369448706507682800e-02
-1.025713756680488586e-01
-3.861556202173233032e-02
8.236882090568542480e-02
3.141714334487915039e-01
-2.388301491737365723e-02
8.849419653415679932e-02
8.987647294998168945e-02
-1.797480583190917969e-01
-1.322920471429824829e-01
-7.123774290084838867e-02
-2.407978326082229614e-01
-2.163206040859222412e-01
-7.810048758983612061e-02
-2.971350774168968201e-02
-5.284706130623817444e-03
-2.641618438065052032e-02
1.242962330579757690e-01
1.643680483102798462e-01
2.247932851314544678e-01
2.747136354446411133e-01
3.692012429237365723e-01
2.932595610618591309e-01
3.759122788906097412e-01
4.448554813861846924e-01
2.931360304355621338e-01
2.634881436824798584e-01
3.341281116008758545e-01
3.582152724266052246e-01
2.593202292919158936e-01
2.495919764041900635e-01
1.345429718494415283e-01
4.667445123195648193e-01
5.426527261734008789e-01
5.906087160110473633e-01
2.378570139408111572e-01
1.947579383850097656e-01
1.248264610767364502e-01
1.538809835910797119e-01
9.535378217697143555e-02
-6.235330179333686829e-02
5.607788637280464172e-02
-2.720370702445507050e-02
-9.683157503604888916e-02
1.022912561893463135e-02
4.934636130928993225e-02
2.673228979110717773e-01
1.480536758899688721e-01
1.207048147916793823e-01
5.130755528807640076e-02
2.702094912528991699e-01
2.275339365005493164e-01
9.993070363998413086e-02
1.481702923774719238e-01
2.405952960252761841e-01
2.181298285722732544e-01
1.172334253787994385e-01
1.414516717195510864e-01
2.517070472240447998e-01
2.936877906322479248e-01
3.565140068531036377e-01
3.969270288944244385e-01
3.832643926143646240e-01
2.105201184749603271e-01
4.152282774448394775e-01
2.566635310649871826e-01
1.562296748161315918e-01
2.214129567146301270e-01
1.587050259113311768e-01
1.039164140820503235e-01
1.157988309860229492e-01
9.076883643865585327e-02
1.300435513257980347e-01
1.732896417379379272e-01
1.368278115987777710e-01
5.792555399239063263e-03
-3.872635960578918457e-02
-2.192499861121177673e-02
9.448654204607009888e-02
1.520007103681564331e-01
1.584520936012268066e-01
